Time [MM:SS];Image file path;T1;T2;T3;T4;T5;T6;T7;T8;V1;V2;V3;V4;V5;V6;V7;V8
16-03-56_325;C:\Users\au540322\Documents\Projects\Ice-Nucleation\Builds\Full Build\Data\Calibration_7/Images/16-03-56_325.PNG;-29,470925;-29,515567;-29,515914;-29,508799;26,026933;26,097794;25,760919;NaN;9,523900;9,530624;9,518388;9,527023;2,140573;2,135038;2,161475;12,004238
16-03-56_825;C:\Users\au540322\Documents\Projects\Ice-Nucleation\Builds\Full Build\Data\Calibration_7/Images/16-03-56_825.PNG;-29,471016;-29,515259;-29,515612;-29,508592;26,021142;26,097053;25,752193;NaN;9,523911;9,530586;9,518351;9,526997;2,141026;2,135096;2,162164;12,004187
16-03-57_325;C:\Users\au540322\Documents\Projects\Ice-Nucleation\Builds\Full Build\Data\Calibration_7/Images/16-03-57_325.PNG;-29,470718;-29,514971;-29,515828;-29,508592;26,015016;26,096418;25,743793;NaN;9,523874;9,530550;9,518378;9,526997;2,141505;2,135145;2,162827;12,004228
16-03-57_825;C:\Users\au540322\Documents\Projects\Ice-Nucleation\Builds\Full Build\Data\Calibration_7/Images/16-03-57_825.PNG;-29,470733;-29,515168;-29,515871;-29,508467;26,008876;26,094348;25,733035;NaN;9,523876;9,530575;9,518383;9,526982;2,141985;2,135307;2,163677;12,004194
16-03-58_325;C:\Users\au540322\Documents\Projects\Ice-Nucleation\Builds\Full Build\Data\Calibration_7/Images/16-03-58_325.PNG;-29,470642;-29,515505;-29,515823;-29,508395;26,007665;26,093584;25,723050;NaN;9,523864;9,530616;9,518377;9,526973;2,142080;2,135366;2,164467;12,004210
16-03-58_825;C:\Users\au540322\Documents\Projects\Ice-Nucleation\Builds\Full Build\Data\Calibration_7/Images/16-03-58_825.PNG;-29,470723;-29,515447;-29,515814;-29,508453;25,996152;26,093248;25,715006;NaN;9,523874;9,530609;9,518376;9,526980;2,142981;2,135393;2,165102;12,004208
16-03-59_325;C:\Users\au540322\Documents\Projects\Ice-Nucleation\Builds\Full Build\Data\Calibration_7/Images/16-03-59_325.PNG;-29,470694;-29,514980;-29,515799;-29,508438;25,978594;26,094753;25,714553;NaN;9,523871;9,530551;9,518374;9,526978;2,144356;2,135275;2,165138;12,004153
16-03-59_825;C:\Users\au540322\Documents\Projects\Ice-Nucleation\Builds\Full Build\Data\Calibration_7/Images/16-03-59_825.PNG;-29,470656;-29,515317;-29,515727;-29,508765;25,957504;26,095907;25,715262;NaN;9,523866;9,530593;9,518365;9,527019;2,146009;2,135185;2,165082;12,004210
16-04-00_326;C:\Users\au540322\Documents\Projects\Ice-Nucleation\Builds\Full Build\Data\Calibration_7/Images/16-04-00_326.PNG;-29,470882;-29,515264;-29,515900;-29,508457;25,940943;26,097847;25,711162;NaN;9,523894;9,530587;9,518387;9,526980;2,147308;2,135034;2,165406;12,004176
16-04-00_826;C:\Users\au540322\Documents\Projects\Ice-Nucleation\Builds\Full Build\Data\Calibration_7/Images/16-04-00_826.PNG;-29,470877;-29,515351;-29,516058;-29,508707;25,937349;26,098145;25,705585;NaN;9,523894;9,530597;9,518406;9,527011;2,147590;2,135010;2,165848;12,004186
16-04-01_325;C:\Users\au540322\Documents\Projects\Ice-Nucleation\Builds\Full Build\Data\Calibration_7/Images/16-04-01_325.PNG;-29,470579;-29,515418;-29,515857;-29,508630;25,938914;26,099330;25,701019;NaN;9,523857;9,530606;9,518381;9,527002;2,147467;2,134918;2,166209;12,004197
16-04-01_825;C:\Users\au540322\Documents\Projects\Ice-Nucleation\Builds\Full Build\Data\Calibration_7/Images/16-04-01_825.PNG;-29,470646;-29,515346;-29,516015;-29,508438;25,943914;26,100911;25,700182;NaN;9,523865;9,530597;9,518401;9,526978;2,147075;2,134795;2,166275;12,004186
16-04-02_325;C:\Users\au540322\Documents\Projects\Ice-Nucleation\Builds\Full Build\Data\Calibration_7/Images/16-04-02_325.PNG;-29,470738;-29,515134;-29,515890;-29,508784;25,947037;26,102653;25,699338;NaN;9,523876;9,530570;9,518386;9,527021;2,146830;2,134659;2,166342;12,004144
16-04-02_825;C:\Users\au540322\Documents\Projects\Ice-Nucleation\Builds\Full Build\Data\Calibration_7/Images/16-04-02_825.PNG;-29,470925;-29,515000;-29,515895;-29,508751;25,950936;26,103762;25,693448;NaN;9,523900;9,530554;9,518386;9,527017;2,146524;2,134572;2,166808;12,004143
16-04-03_324;C:\Users\au540322\Documents\Projects\Ice-Nucleation\Builds\Full Build\Data\Calibration_7/Images/16-04-03_324.PNG;-29,470800;-29,515226;-29,515617;-29,508558;25,958143;26,105045;25,687249;NaN;9,523884;9,530582;9,518352;9,526993;2,145959;2,134472;2,167298;12,004228
16-04-03_824;C:\Users\au540322\Documents\Projects\Ice-Nucleation\Builds\Full Build\Data\Calibration_7/Images/16-04-03_824.PNG;-29,470838;-29,515481;-29,515578;-29,508457;25,963245;26,107078;25,681609;NaN;9,523889;9,530613;9,518347;9,526980;2,145559;2,134314;2,167745;12,004205
16-04-04_325;C:\Users\au540322\Documents\Projects\Ice-Nucleation\Builds\Full Build\Data\Calibration_7/Images/16-04-04_325.PNG;-29,471021;-29,515394;-29,516030;-29,508539;25,968743;26,108087;25,675188;NaN;9,523911;9,530603;9,518403;9,526991;2,145128;2,134235;2,168253;12,004239
16-04-04_825;C:\Users\au540322\Documents\Projects\Ice-Nucleation\Builds\Full Build\Data\Calibration_7/Images/16-04-04_825.PNG;-29,470373;-29,515168;-29,515972;-29,508342;25,973406;26,109509;25,670220;NaN;9,523831;9,530575;9,518396;9,526966;2,144763;2,134124;2,168647;12,004186
16-04-05_325;C:\Users\au540322\Documents\Projects\Ice-Nucleation\Builds\Full Build\Data\Calibration_7/Images/16-04-05_325.PNG;-29,470997;-29,515298;-29,515982;-29,508741;25,978381;26,110327;25,666442;NaN;9,523908;9,530591;9,518397;9,527016;2,144373;2,134060;2,168946;12,004229
16-04-05_825;C:\Users\au540322\Documents\Projects\Ice-Nucleation\Builds\Full Build\Data\Calibration_7/Images/16-04-05_825.PNG;-29,470829;-29,515298;-29,516006;-29,508813;25,982125;26,111902;25,662176;NaN;9,523888;9,530591;9,518400;9,527025;2,144080;2,133938;2,169284;12,004226
16-04-06_325;C:\Users\au540322\Documents\Projects\Ice-Nucleation\Builds\Full Build\Data\Calibration_7/Images/16-04-06_325.PNG;-29,470512;-29,515005;-29,515842;-29,508703;25,985602;26,113033;25,658391;NaN;9,523848;9,530554;9,518380;9,527011;2,143808;2,133849;2,169584;12,004250
16-04-06_824;C:\Users\au540322\Documents\Projects\Ice-Nucleation\Builds\Full Build\Data\Calibration_7/Images/16-04-06_824.PNG;-29,470776;-29,515322;-29,515660;-29,508352;25,987711;26,113797;25,655126;NaN;9,523881;9,530594;9,518357;9,526967;2,143642;2,133790;2,169842;12,004237
16-04-07_325;C:\Users\au540322\Documents\Projects\Ice-Nucleation\Builds\Full Build\Data\Calibration_7/Images/16-04-07_325.PNG;-29,470862;-29,515322;-29,515866;-29,508453;25,993648;26,114898;25,652591;NaN;9,523892;9,530594;9,518383;9,526980;2,143178;2,133704;2,170043;12,004199
16-04-07_825;C:\Users\au540322\Documents\Projects\Ice-Nucleation\Builds\Full Build\Data\Calibration_7/Images/16-04-07_825.PNG;-29,470694;-29,515322;-29,515761;-29,508563;25,995315;26,115900;25,650207;NaN;9,523871;9,530594;9,518369;9,526994;2,143047;2,133626;2,170232;12,004184
16-04-08_325;C:\Users\au540322\Documents\Projects\Ice-Nucleation\Builds\Full Build\Data\Calibration_7/Images/16-04-08_325.PNG;-29,470690;-29,515351;-29,516039;-29,508347;25,989141;26,115831;25,651621;NaN;9,523870;9,530597;9,518404;9,526967;2,143530;2,133631;2,170120;12,004267
16-04-08_825;C:\Users\au540322\Documents\Projects\Ice-Nucleation\Builds\Full Build\Data\Calibration_7/Images/16-04-08_825.PNG;-29,471146;-29,515250;-29,515842;-29,508501;25,985846;26,114822;25,652840;NaN;9,523927;9,530585;9,518380;9,526986;2,143788;2,133710;2,170023;12,004209
16-04-09_324;C:\Users\au540322\Documents\Projects\Ice-Nucleation\Builds\Full Build\Data\Calibration_7/Images/16-04-09_324.PNG;-29,470968;-29,515481;-29,516044;-29,508948;25,983487;26,111886;25,658639;NaN;9,523905;9,530613;9,518405;9,527041;2,143973;2,133939;2,169564;12,004234
16-04-09_825;C:\Users\au540322\Documents\Projects\Ice-Nucleation\Builds\Full Build\Data\Calibration_7/Images/16-04-09_825.PNG;-29,470925;-29,515538;-29,515756;-29,508957;25,983007;26,110159;25,668143;NaN;9,523900;9,530621;9,518369;9,527042;2,144011;2,134074;2,168811;12,004217
16-04-10_325;C:\Users\au540322\Documents\Projects\Ice-Nucleation\Builds\Full Build\Data\Calibration_7/Images/16-04-10_325.PNG;-29,470968;-29,515365;-29,516356;-29,508803;25,987018;26,106513;25,673622;NaN;9,523905;9,530599;9,518443;9,527023;2,143697;2,134358;2,168377;12,004231
16-04-10_825;C:\Users\au540322\Documents\Projects\Ice-Nucleation\Builds\Full Build\Data\Calibration_7/Images/16-04-10_825.PNG;-29,470978;-29,515577;-29,516226;-29,508371;25,994485;26,101171;25,675496;NaN;9,523906;9,530625;9,518427;9,526970;2,143112;2,134774;2,168229;12,004195
16-04-11_325;C:\Users\au540322\Documents\Projects\Ice-Nucleation\Builds\Full Build\Data\Calibration_7/Images/16-04-11_325.PNG;-29,470829;-29,515096;-29,515972;-29,509001;25,996419;26,097603;25,670566;NaN;9,523888;9,530566;9,518396;9,527048;2,142961;2,135053;2,168619;12,004191
16-04-11_824;C:\Users\au540322\Documents\Projects\Ice-Nucleation\Builds\Full Build\Data\Calibration_7/Images/16-04-11_824.PNG;-29,471045;-29,515226;-29,515842;-29,508693;25,994607;26,095334;25,665953;NaN;9,523914;9,530582;9,518380;9,527010;2,143102;2,135230;2,168985;12,004252
16-04-12_324;C:\Users\au540322\Documents\Projects\Ice-Nucleation\Builds\Full Build\Data\Calibration_7/Images/16-04-12_324.PNG;-29,470853;-29,515572;-29,516034;-29,508664;25,990504;26,093477;25,664734;NaN;9,523891;9,530625;9,518403;9,527006;2,143424;2,135375;2,169081;12,004199
16-04-12_825;C:\Users\au540322\Documents\Projects\Ice-Nucleation\Builds\Full Build\Data\Calibration_7/Images/16-04-12_825.PNG;-29,470939;-29,515259;-29,515838;-29,508515;25,990405;26,093340;25,662958;NaN;9,523901;9,530586;9,518379;9,526988;2,143431;2,135385;2,169222;12,004219
16-04-13_325;C:\Users\au540322\Documents\Projects\Ice-Nucleation\Builds\Full Build\Data\Calibration_7/Images/16-04-13_325.PNG;-29,470939;-29,515293;-29,515694;-29,508400;25,993343;26,093523;25,662499;NaN;9,523901;9,530590;9,518361;9,526973;2,143201;2,135371;2,169258;12,004228
16-04-13_824;C:\Users\au540322\Documents\Projects\Ice-Nucleation\Builds\Full Build\Data\Calibration_7/Images/16-04-13_824.PNG;-29,470987;-29,515606;-29,516212;-29,508962;25,994196;26,095028;25,660791;NaN;9,523907;9,530629;9,518425;9,527043;2,143135;2,135254;2,169393;12,004268
16-04-14_325;C:\Users\au540322\Documents\Projects\Ice-Nucleation\Builds\Full Build\Data\Calibration_7/Images/16-04-14_325.PNG;-29,470512;-29,515587;-29,516154;-29,508871;25,992803;26,095364;25,661634;NaN;9,523848;9,530627;9,518418;9,527032;2,143244;2,135227;2,169327;12,004167
16-04-14_825;C:\Users\au540322\Documents\Projects\Ice-Nucleation\Builds\Full Build\Data\Calibration_7/Images/16-04-14_825.PNG;-29,470901;-29,515447;-29,516087;-29,508424;25,986516;26,096090;25,666924;NaN;9,523897;9,530609;9,518410;9,526976;2,143736;2,135171;2,168908;12,004206
16-04-15_325;C:\Users\au540322\Documents\Projects\Ice-Nucleation\Builds\Full Build\Data\Calibration_7/Images/16-04-15_325.PNG;-29,471026;-29,515635;-29,515967;-29,508832;25,977400;26,097473;25,672598;NaN;9,523912;9,530632;9,518395;9,527027;2,144450;2,135063;2,168458;12,004216
16-04-15_825;C:\Users\au540322\Documents\Projects\Ice-Nucleation\Builds\Full Build\Data\Calibration_7/Images/16-04-15_825.PNG;-29,471150;-29,515798;-29,516111;-29,508621;25,974874;26,098909;25,678078;NaN;9,523928;9,530653;9,518413;9,527001;2,144648;2,134951;2,168024;12,004236
16-04-16_325;C:\Users\au540322\Documents\Projects\Ice-Nucleation\Builds\Full Build\Data\Calibration_7/Images/16-04-16_325.PNG;-29,471203;-29,515500;-29,516082;-29,508741;25,973208;26,099589;25,684290;NaN;9,523934;9,530616;9,518409;9,527016;2,144778;2,134898;2,167533;12,004288
16-04-16_825;C:\Users\au540322\Documents\Projects\Ice-Nucleation\Builds\Full Build\Data\Calibration_7/Images/16-04-16_825.PNG;-29,470872;-29,515543;-29,515982;-29,508650;25,974661;26,101706;25,692687;NaN;9,523893;9,530621;9,518397;9,527004;2,144665;2,134733;2,166868;12,004154
16-04-17_325;C:\Users\au540322\Documents\Projects\Ice-Nucleation\Builds\Full Build\Data\Calibration_7/Images/16-04-17_325.PNG;-29,470862;-29,515678;-29,516087;-29,509236;25,978594;26,103922;25,698465;NaN;9,523892;9,530638;9,518410;9,527077;2,144356;2,134560;2,166411;12,004222
16-04-17_825;C:\Users\au540322\Documents\Projects\Ice-Nucleation\Builds\Full Build\Data\Calibration_7/Images/16-04-17_825.PNG;-29,471117;-29,515404;-29,515775;-29,508683;25,978609;26,106047;25,699700;NaN;9,523923;9,530604;9,518371;9,527009;2,144355;2,134394;2,166313;12,004190
16-04-18_325;C:\Users\au540322\Documents\Projects\Ice-Nucleation\Builds\Full Build\Data\Calibration_7/Images/16-04-18_325.PNG;-29,470901;-29,515245;-29,515641;-29,508755;25,971839;26,108301;25,703535;NaN;9,523897;9,530584;9,518355;9,527017;2,144886;2,134218;2,166010;12,004243
16-04-18_826;C:\Users\au540322\Documents\Projects\Ice-Nucleation\Builds\Full Build\Data\Calibration_7/Images/16-04-18_826.PNG;-29,471126;-29,515697;-29,516130;-29,508823;25,969169;26,110258;25,706610;NaN;9,523925;9,530640;9,518415;9,527026;2,145095;2,134066;2,165766;12,004187
16-04-19_324;C:\Users\au540322\Documents\Projects\Ice-Nucleation\Builds\Full Build\Data\Calibration_7/Images/16-04-19_324.PNG;-29,471194;-29,515404;-29,515569;-29,509015;25,966347;26,111848;25,705306;NaN;9,523933;9,530604;9,518346;9,527050;2,145316;2,133942;2,165870;12,004200
16-04-19_825;C:\Users\au540322\Documents\Projects\Ice-Nucleation\Builds\Full Build\Data\Calibration_7/Images/16-04-19_825.PNG;-29,471558;-29,515688;-29,515818;-29,508890;25,969329;26,112811;25,703520;NaN;9,523978;9,530639;9,518377;9,527034;2,145082;2,133867;2,166011;12,004168
16-04-20_324;C:\Users\au540322\Documents\Projects\Ice-Nucleation\Builds\Full Build\Data\Calibration_7/Images/16-04-20_324.PNG;-29,470906;-29,515101;-29,515780;-29,508741;25,973482;26,112337;25,702217;NaN;9,523897;9,530566;9,518372;9,527016;2,144757;2,133904;2,166114;12,004224
16-04-20_824;C:\Users\au540322\Documents\Projects\Ice-Nucleation\Builds\Full Build\Data\Calibration_7/Images/16-04-20_824.PNG;-29,470910;-29,515745;-29,515938;-29,509126;25,973984;26,111221;25,703663;NaN;9,523898;9,530646;9,518391;9,527063;2,144718;2,133991;2,166000;12,004211
16-04-21_325;C:\Users\au540322\Documents\Projects\Ice-Nucleation\Builds\Full Build\Data\Calibration_7/Images/16-04-21_325.PNG;-29,470829;-29,515457;-29,515636;-29,508779;25,976335;26,110556;25,710408;NaN;9,523888;9,530610;9,518354;9,527020;2,144534;2,134043;2,165466;12,004220
16-04-21_825;C:\Users\au540322\Documents\Projects\Ice-Nucleation\Builds\Full Build\Data\Calibration_7/Images/16-04-21_825.PNG;-29,470963;-29,515620;-29,516154;-29,508544;25,976936;26,110510;25,721444;NaN;9,523904;9,530631;9,518418;9,526991;2,144486;2,134046;2,164593;12,004195
16-04-22_325;C:\Users\au540322\Documents\Projects\Ice-Nucleation\Builds\Full Build\Data\Calibration_7/Images/16-04-22_325.PNG;-29,471251;-29,515779;-29,515895;-29,508842;25,979743;26,112291;25,729648;NaN;9,523940;9,530650;9,518386;9,527028;2,144266;2,133907;2,163945;12,004157
16-04-22_825;C:\Users\au540322\Documents\Projects\Ice-Nucleation\Builds\Full Build\Data\Calibration_7/Images/16-04-22_825.PNG;-29,470666;-29,515947;-29,515799;-29,508505;25,987414;26,113644;25,734717;NaN;9,523867;9,530671;9,518374;9,526986;2,143666;2,133802;2,163544;12,004178
16-04-23_325;C:\Users\au540322\Documents\Projects\Ice-Nucleation\Builds\Full Build\Data\Calibration_7/Images/16-04-23_325.PNG;-29,471093;-29,515524;-29,515823;-29,508496;25,992742;26,113339;25,741477;NaN;9,523920;9,530619;9,518377;9,526985;2,143248;2,133826;2,163010;12,004209
16-04-23_825;C:\Users\au540322\Documents\Projects\Ice-Nucleation\Builds\Full Build\Data\Calibration_7/Images/16-04-23_825.PNG;-29,471064;-29,515336;-29,516001;-29,508693;25,996304;26,112261;25,743521;NaN;9,523917;9,530596;9,518399;9,527010;2,142969;2,133910;2,162849;12,004222
16-04-24_325;C:\Users\au540322\Documents\Projects\Ice-Nucleation\Builds\Full Build\Data\Calibration_7/Images/16-04-24_325.PNG;-29,471342;-29,515423;-29,515626;-29,508861;25,987102;26,112047;25,744404;NaN;9,523951;9,530606;9,518353;9,527031;2,143690;2,133926;2,162779;12,004234
16-04-24_824;C:\Users\au540322\Documents\Projects\Ice-Nucleation\Builds\Full Build\Data\Calibration_7/Images/16-04-24_824.PNG;-29,471429;-29,515668;-29,515967;-29,508626;25,976563;26,112467;25,744042;NaN;9,523962;9,530637;9,518395;9,527001;2,144516;2,133893;2,162808;12,004190
16-04-25_324;C:\Users\au540322\Documents\Projects\Ice-Nucleation\Builds\Full Build\Data\Calibration_7/Images/16-04-25_324.PNG;-29,471107;-29,515298;-29,516130;-29,508501;25,970249;26,113492;25,740798;NaN;9,523922;9,530591;9,518415;9,526986;2,145010;2,133814;2,163064;12,004174
16-04-25_824;C:\Users\au540322\Documents\Projects\Ice-Nucleation\Builds\Full Build\Data\Calibration_7/Images/16-04-25_824.PNG;-29,471246;-29,515649;-29,515689;-29,508664;25,969215;26,114225;25,737154;NaN;9,523939;9,530634;9,518360;9,527006;2,145091;2,133756;2,163352;12,004271
16-04-26_324;C:\Users\au540322\Documents\Projects\Ice-Nucleation\Builds\Full Build\Data\Calibration_7/Images/16-04-26_324.PNG;-29,471650;-29,515933;-29,516183;-29,508861;25,968758;26,114715;25,735645;NaN;9,523990;9,530669;9,518422;9,527031;2,145127;2,133718;2,163471;12,004232
16-04-26_825;C:\Users\au540322\Documents\Projects\Ice-Nucleation\Builds\Full Build\Data\Calibration_7/Images/16-04-26_825.PNG;-29,471506;-29,515957;-29,515934;-29,508832;25,972356;26,115892;25,736475;NaN;9,523972;9,530672;9,518391;9,527027;2,144845;2,133626;2,163406;12,004227
16-04-27_325;C:\Users\au540322\Documents\Projects\Ice-Nucleation\Builds\Full Build\Data\Calibration_7/Images/16-04-27_325.PNG;-29,471280;-29,515928;-29,516188;-29,509255;25,971976;26,117681;25,738602;NaN;9,523944;9,530669;9,518422;9,527079;2,144875;2,133487;2,163237;12,004255
16-04-27_825;C:\Users\au540322\Documents\Projects\Ice-Nucleation\Builds\Full Build\Data\Calibration_7/Images/16-04-27_825.PNG;-29,471098;-29,515731;-29,516274;-29,508924;25,971124;26,118775;25,739077;NaN;9,523921;9,530644;9,518433;9,527038;2,144942;2,133402;2,163200;12,004191
16-04-28_325;C:\Users\au540322\Documents\Projects\Ice-Nucleation\Builds\Full Build\Data\Calibration_7/Images/16-04-28_325.PNG;-29,470992;-29,515476;-29,516193;-29,508722;25,970135;26,120120;25,738972;NaN;9,523908;9,530613;9,518423;9,527013;2,145019;2,133297;2,163208;12,004214
16-04-28_824;C:\Users\au540322\Documents\Projects\Ice-Nucleation\Builds\Full Build\Data\Calibration_7/Images/16-04-28_824.PNG;-29,471376;-29,515572;-29,516111;-29,508938;25,970820;26,119715;25,737101;NaN;9,523956;9,530625;9,518413;9,527040;2,144966;2,133328;2,163356;12,004219
16-04-29_324;C:\Users\au540322\Documents\Projects\Ice-Nucleation\Builds\Full Build\Data\Calibration_7/Images/16-04-29_324.PNG;-29,471203;-29,515644;-29,516270;-29,508467;25,972812;26,119080;25,736180;NaN;9,523934;9,530634;9,518433;9,526982;2,144809;2,133378;2,163429;12,004219
16-04-29_824;C:\Users\au540322\Documents\Projects\Ice-Nucleation\Builds\Full Build\Data\Calibration_7/Images/16-04-29_824.PNG;-29,471112;-29,515442;-29,516015;-29,508405;25,974387;26,119203;25,736693;NaN;9,523923;9,530609;9,518401;9,526974;2,144686;2,133368;2,163388;12,004219
16-04-30_324;C:\Users\au540322\Documents\Projects\Ice-Nucleation\Builds\Full Build\Data\Calibration_7/Images/16-04-30_324.PNG;-29,471280;-29,515563;-29,515919;-29,509126;25,972379;26,119876;25,735683;NaN;9,523944;9,530624;9,518389;9,527063;2,144843;2,133316;2,163468;12,004228
16-04-30_825;C:\Users\au540322\Documents\Projects\Ice-Nucleation\Builds\Full Build\Data\Calibration_7/Images/16-04-30_825.PNG;-29,471573;-29,515745;-29,516207;-29,508847;25,967983;26,120518;25,730470;NaN;9,523980;9,530646;9,518425;9,527029;2,145188;2,133266;2,163880;12,004239
16-04-31_325;C:\Users\au540322\Documents\Projects\Ice-Nucleation\Builds\Full Build\Data\Calibration_7/Images/16-04-31_325.PNG;-29,471606;-29,515976;-29,516462;-29,508808;25,968583;26,120365;25,722718;NaN;9,523984;9,530675;9,518456;9,527024;2,145141;2,133278;2,164493;12,004217
16-04-31_824;C:\Users\au540322\Documents\Projects\Ice-Nucleation\Builds\Full Build\Data\Calibration_7/Images/16-04-31_824.PNG;-29,471126;-29,515827;-29,515785;-29,508746;25,970112;26,120548;25,714538;NaN;9,523925;9,530656;9,518372;9,527016;2,145021;2,133263;2,165139;12,004262
16-04-32_324;C:\Users\au540322\Documents\Projects\Ice-Nucleation\Builds\Full Build\Data\Calibration_7/Images/16-04-32_324.PNG;-29,471232;-29,515005;-29,516154;-29,508871;25,973771;26,119096;25,707808;NaN;9,523938;9,530554;9,518418;9,527032;2,144734;2,133377;2,165672;12,004241
16-04-32_826;C:\Users\au540322\Documents\Projects\Ice-Nucleation\Builds\Full Build\Data\Calibration_7/Images/16-04-32_826.PNG;-29,470920;-29,515673;-29,516207;-29,509053;25,977833;26,117742;25,702721;NaN;9,523899;9,530637;9,518425;9,527054;2,144416;2,133482;2,166074;12,004222
16-04-33_325;C:\Users\au540322\Documents\Projects\Ice-Nucleation\Builds\Full Build\Data\Calibration_7/Images/16-04-33_325.PNG;-29,471237;-29,515524;-29,516116;-29,509222;25,984841;26,115839;25,695820;NaN;9,523938;9,530619;9,518414;9,527075;2,143867;2,133631;2,166620;12,004236
16-04-33_825;C:\Users\au540322\Documents\Projects\Ice-Nucleation\Builds\Full Build\Data\Calibration_7/Images/16-04-33_825.PNG;-29,471122;-29,515971;-29,516116;-29,509063;25,989522;26,114447;25,689825;NaN;9,523924;9,530674;9,518414;9,527056;2,143501;2,133739;2,167094;12,004218
16-04-34_326;C:\Users\au540322\Documents\Projects\Ice-Nucleation\Builds\Full Build\Data\Calibration_7/Images/16-04-34_326.PNG;-29,471568;-29,515842;-29,515895;-29,508933;25,993944;26,113629;25,682671;NaN;9,523979;9,530658;9,518386;9,527039;2,143154;2,133803;2,167661;12,004225
16-04-34_825;C:\Users\au540322\Documents\Projects\Ice-Nucleation\Builds\Full Build\Data\Calibration_7/Images/16-04-34_825.PNG;-29,471400;-29,515620;-29,516130;-29,508799;25,999449;26,110984;25,676482;NaN;9,523959;9,530631;9,518415;9,527023;2,142723;2,134009;2,168151;12,004189
16-04-35_325;C:\Users\au540322\Documents\Projects\Ice-Nucleation\Builds\Full Build\Data\Calibration_7/Images/16-04-35_325.PNG;-29,471304;-29,515745;-29,516044;-29,508765;26,004383;26,108026;25,668150;NaN;9,523947;9,530646;9,518405;9,527019;2,142337;2,134240;2,168810;12,004180
16-04-35_825;C:\Users\au540322\Documents\Projects\Ice-Nucleation\Builds\Full Build\Data\Calibration_7/Images/16-04-35_825.PNG;-29,471285;-29,515923;-29,516030;-29,508731;26,004208;26,106681;25,662123;NaN;9,523944;9,530668;9,518403;9,527014;2,142351;2,134345;2,169288;12,004200
16-04-36_325;C:\Users\au540322\Documents\Projects\Ice-Nucleation\Builds\Full Build\Data\Calibration_7/Images/16-04-36_325.PNG;-29,471299;-29,515659;-29,516068;-29,508775;26,003644;26,106444;25,655397;NaN;9,523946;9,530635;9,518408;9,527020;2,142395;2,134363;2,169821;12,004202
16-04-36_825;C:\Users\au540322\Documents\Projects\Ice-Nucleation\Builds\Full Build\Data\Calibration_7/Images/16-04-36_825.PNG;-29,471232;-29,515457;-29,516481;-29,509029;26,003690;26,106780;25,649057;NaN;9,523938;9,530610;9,518459;9,527051;2,142391;2,134337;2,170323;12,004196
16-04-37_325;C:\Users\au540322\Documents\Projects\Ice-Nucleation\Builds\Full Build\Data\Calibration_7/Images/16-04-37_325.PNG;-29,471309;-29,515813;-29,515972;-29,509082;26,001619;26,105091;25,645199;NaN;9,523947;9,530655;9,518396;9,527058;2,142553;2,134469;2,170629;12,004203
16-04-37_825;C:\Users\au540322\Documents\Projects\Ice-Nucleation\Builds\Full Build\Data\Calibration_7/Images/16-04-37_825.PNG;-29,471429;-29,515938;-29,516140;-29,508900;26,003066;26,103616;25,644003;NaN;9,523962;9,530670;9,518416;9,527035;2,142440;2,134584;2,170724;12,004225
16-04-38_325;C:\Users\au540322\Documents\Projects\Ice-Nucleation\Builds\Full Build\Data\Calibration_7/Images/16-04-38_325.PNG;-29,471237;-29,515640;-29,516030;-29,509068;26,005457;26,102302;25,643988;NaN;9,523938;9,530633;9,518403;9,527056;2,142253;2,134686;2,170725;12,004201
16-04-38_825;C:\Users\au540322\Documents\Projects\Ice-Nucleation\Builds\Full Build\Data\Calibration_7/Images/16-04-38_825.PNG;-29,471371;-29,515769;-29,516106;-29,509049;26,007886;26,101798;25,642883;NaN;9,523955;9,530649;9,518412;9,527054;2,142063;2,134726;2,170813;12,004185
16-04-39_325;C:\Users\au540322\Documents\Projects\Ice-Nucleation\Builds\Full Build\Data\Calibration_7/Images/16-04-39_325.PNG;-29,471266;-29,515548;-29,516510;-29,509082;26,011893;26,101882;25,637958;NaN;9,523942;9,530622;9,518462;9,527058;2,141749;2,134719;2,171203;12,004205
16-04-39_824;C:\Users\au540322\Documents\Projects\Ice-Nucleation\Builds\Full Build\Data\Calibration_7/Images/16-04-39_824.PNG;-29,471390;-29,515967;-29,516625;-29,508823;26,020136;26,100881;25,630562;NaN;9,523957;9,530674;9,518477;9,527026;2,141104;2,134797;2,171790;12,004240
16-04-40_326;C:\Users\au540322\Documents\Projects\Ice-Nucleation\Builds\Full Build\Data\Calibration_7/Images/16-04-40_326.PNG;-29,471424;-29,515861;-29,516495;-29,508909;26,028503;26,100552;25,626632;NaN;9,523962;9,530660;9,518461;9,527037;2,140450;2,134823;2,172101;12,004237
16-04-40_826;C:\Users\au540322\Documents\Projects\Ice-Nucleation\Builds\Full Build\Data\Calibration_7/Images/16-04-40_826.PNG;-29,471328;-29,516005;-29,516188;-29,508972;26,032932;26,099650;25,621973;NaN;9,523950;9,530678;9,518422;9,527044;2,140104;2,134893;2,172471;12,004225
16-04-41_325;C:\Users\au540322\Documents\Projects\Ice-Nucleation\Builds\Full Build\Data\Calibration_7/Images/16-04-41_325.PNG;-29,471314;-29,515846;-29,515982;-29,508996;26,027048;26,098138;25,621680;NaN;9,523948;9,530659;9,518397;9,527047;2,140564;2,135011;2,172494;12,004219
16-04-41_825;C:\Users\au540322\Documents\Projects\Ice-Nucleation\Builds\Full Build\Data\Calibration_7/Images/16-04-41_825.PNG;-29,471107;-29,516169;-29,516236;-29,508645;26,023306;26,099184;25,626444;NaN;9,523922;9,530699;9,518428;9,527004;2,140857;2,134929;2,172116;12,004199
16-04-42_325;C:\Users\au540322\Documents\Projects\Ice-Nucleation\Builds\Full Build\Data\Calibration_7/Images/16-04-42_325.PNG;-29,471846;-29,515750;-29,516414;-29,509001;26,015618;26,099391;25,631088;NaN;9,524014;9,530647;9,518450;9,527048;2,141458;2,134913;2,171748;12,004253
16-04-42_825;C:\Users\au540322\Documents\Projects\Ice-Nucleation\Builds\Full Build\Data\Calibration_7/Images/16-04-42_825.PNG;-29,471342;-29,516029;-29,516034;-29,509010;26,010903;26,099161;25,632945;NaN;9,523951;9,530681;9,518403;9,527049;2,141827;2,134931;2,171601;12,004237
16-04-43_325;C:\Users\au540322\Documents\Projects\Ice-Nucleation\Builds\Full Build\Data\Calibration_7/Images/16-04-43_325.PNG;-29,471568;-29,515837;-29,516126;-29,508549;26,009006;26,099406;25,635425;NaN;9,523979;9,530658;9,518415;9,526992;2,141975;2,134912;2,171404;12,004221
16-04-43_825;C:\Users\au540322\Documents\Projects\Ice-Nucleation\Builds\Full Build\Data\Calibration_7/Images/16-04-43_825.PNG;-29,471299;-29,515827;-29,515986;-29,509183;26,008899;26,099742;25,637086;NaN;9,523946;9,530656;9,518397;9,527070;2,141984;2,134886;2,171272;12,004194
16-04-44_325;C:\Users\au540322\Documents\Projects\Ice-Nucleation\Builds\Full Build\Data\Calibration_7/Images/16-04-44_325.PNG;-29,471395;-29,515563;-29,516385;-29,508957;26,006866;26,099681;25,639154;NaN;9,523958;9,530624;9,518447;9,527042;2,142143;2,134891;2,171108;12,004204
16-04-44_826;C:\Users\au540322\Documents\Projects\Ice-Nucleation\Builds\Full Build\Data\Calibration_7/Images/16-04-44_826.PNG;-29,471170;-29,515971;-29,515785;-29,508741;26,006713;26,098436;25,640003;NaN;9,523930;9,530674;9,518372;9,527016;2,142155;2,134988;2,171041;12,004255
16-04-45_325;C:\Users\au540322\Documents\Projects\Ice-Nucleation\Builds\Full Build\Data\Calibration_7/Images/16-04-45_325.PNG;-29,471621;-29,515495;-29,516433;-29,508909;26,010187;26,095265;25,638199;NaN;9,523986;9,530615;9,518453;9,527037;2,141883;2,135235;2,171184;12,004247
16-04-45_825;C:\Users\au540322\Documents\Projects\Ice-Nucleation\Builds\Full Build\Data\Calibration_7/Images/16-04-45_825.PNG;-29,471222;-29,515587;-29,516193;-29,508813;26,011062;26,091231;25,634230;NaN;9,523936;9,530627;9,518423;9,527025;2,141814;2,135550;2,171499;12,004210
16-04-46_325;C:\Users\au540322\Documents\Projects\Ice-Nucleation\Builds\Full Build\Data\Calibration_7/Images/16-04-46_325.PNG;-29,471174;-29,515861;-29,516054;-29,508799;26,008656;26,086671;25,633944;NaN;9,523931;9,530660;9,518406;9,527023;2,142003;2,135906;2,171521;12,004202
16-04-46_824;C:\Users\au540322\Documents\Projects\Ice-Nucleation\Builds\Full Build\Data\Calibration_7/Images/16-04-46_824.PNG;-29,471390;-29,515880;-29,516135;-29,508967;26,006485;26,084250;25,638289;NaN;9,523957;9,530663;9,518416;9,527044;2,142173;2,136095;2,171177;12,004198
16-04-47_325;C:\Users\au540322\Documents\Projects\Ice-Nucleation\Builds\Full Build\Data\Calibration_7/Images/16-04-47_325.PNG;-29,471798;-29,515875;-29,516193;-29,508991;26,005845;26,083220;25,640387;NaN;9,524008;9,530662;9,518423;9,527047;2,142223;2,136175;2,171011;12,004255
16-04-47_825;C:\Users\au540322\Documents\Projects\Ice-Nucleation\Builds\Full Build\Data\Calibration_7/Images/16-04-47_825.PNG;-29,471410;-29,515957;-29,516154;-29,508957;26,006493;26,080890;25,640169;NaN;9,523960;9,530672;9,518418;9,527042;2,142172;2,136357;2,171028;12,004193
16-04-48_325;C:\Users\au540322\Documents\Projects\Ice-Nucleation\Builds\Full Build\Data\Calibration_7/Images/16-04-48_325.PNG;-29,471606;-29,516246;-29,516366;-29,509169;26,009958;26,078554;25,639439;NaN;9,523984;9,530708;9,518445;9,527069;2,141901;2,136539;2,171086;12,004218
16-04-48_825;C:\Users\au540322\Documents\Projects\Ice-Nucleation\Builds\Full Build\Data\Calibration_7/Images/16-04-48_825.PNG;-29,471554;-29,516092;-29,515982;-29,508823;26,010682;26,075111;25,638109;NaN;9,523978;9,530689;9,518397;9,527026;2,141844;2,136808;2,171191;12,004246
16-04-49_325;C:\Users\au540322\Documents\Projects\Ice-Nucleation\Builds\Full Build\Data\Calibration_7/Images/16-04-49_325.PNG;-29,471501;-29,515789;-29,516534;-29,508981;26,012647;26,072843;25,632351;NaN;9,523971;9,530652;9,518465;9,527045;2,141690;2,136985;2,171648;12,004202
16-04-49_826;C:\Users\au540322\Documents\Projects\Ice-Nucleation\Builds\Full Build\Data\Calibration_7/Images/16-04-49_826.PNG;-29,471150;-29,515798;-29,516049;-29,508770;26,004954;26,072416;25,627075;NaN;9,523928;9,530653;9,518405;9,527019;2,142292;2,137019;2,172066;12,004191
16-04-50_324;C:\Users\au540322\Documents\Projects\Ice-Nucleation\Builds\Full Build\Data\Calibration_7/Images/16-04-50_324.PNG;-29,471592;-29,516275;-29,516217;-29,509025;25,993054;26,071927;25,623716;NaN;9,523982;9,530712;9,518426;9,527051;2,143224;2,137057;2,172333;12,004222
16-04-50_824;C:\Users\au540322\Documents\Projects\Ice-Nucleation\Builds\Full Build\Data\Calibration_7/Images/16-04-50_824.PNG;-29,471501;-29,516048;-29,516241;-29,509111;25,986356;26,071462;25,619997;NaN;9,523971;9,530684;9,518429;9,527062;2,143749;2,137093;2,172628;12,004200
16-04-51_324;C:\Users\au540322\Documents\Projects\Ice-Nucleation\Builds\Full Build\Data\Calibration_7/Images/16-04-51_324.PNG;-29,471141;-29,515967;-29,515919;-29,509222;25,983479;26,070187;25,613289;NaN;9,523926;9,530674;9,518389;9,527075;2,143974;2,137193;2,173160;12,004227
16-04-51_824;C:\Users\au540322\Documents\Projects\Ice-Nucleation\Builds\Full Build\Data\Calibration_7/Images/16-04-51_824.PNG;-29,471467;-29,516376;-29,516318;-29,508760;25,985024;26,069149;25,609030;NaN;9,523967;9,530724;9,518439;9,527018;2,143853;2,137274;2,173498;12,004231
16-04-52_324;C:\Users\au540322\Documents\Projects\Ice-Nucleation\Builds\Full Build\Data\Calibration_7/Images/16-04-52_324.PNG;-29,471626;-29,516077;-29,515996;-29,509212;25,988921;26,068836;25,600613;NaN;9,523987;9,530687;9,518399;9,527074;2,143548;2,137298;2,174166;12,004163
16-04-52_825;C:\Users\au540322\Documents\Projects\Ice-Nucleation\Builds\Full Build\Data\Calibration_7/Images/16-04-52_825.PNG;-29,471568;-29,515880;-29,516130;-29,509121;25,996822;26,068706;25,591665;NaN;9,523979;9,530663;9,518415;9,527063;2,142929;2,137308;2,174876;12,004221
16-04-53_324;C:\Users\au540322\Documents\Projects\Ice-Nucleation\Builds\Full Build\Data\Calibration_7/Images/16-04-53_324.PNG;-29,471424;-29,516246;-29,516082;-29,508957;26,005571;26,067164;25,583815;NaN;9,523962;9,530708;9,518409;9,527042;2,142244;2,137429;2,175500;12,004255
16-04-53_825;C:\Users\au540322\Documents\Projects\Ice-Nucleation\Builds\Full Build\Data\Calibration_7/Images/16-04-53_825.PNG;-29,471438;-29,515620;-29,516442;-29,509327;26,013043;26,067577;25,575938;NaN;9,523963;9,530631;9,518454;9,527088;2,141659;2,137396;2,176126;12,004224
16-04-54_325;C:\Users\au540322\Documents\Projects\Ice-Nucleation\Builds\Full Build\Data\Calibration_7/Images/16-04-54_325.PNG;-29,471928;-29,515755;-29,516332;-29,508847;26,009592;26,067653;25,571392;NaN;9,524024;9,530647;9,518440;9,527029;2,141929;2,137391;2,176487;12,004222
16-04-54_825;C:\Users\au540322\Documents\Projects\Ice-Nucleation\Builds\Full Build\Data\Calibration_7/Images/16-04-54_825.PNG;-29,471477;-29,516005;-29,516337;-29,508813;26,001764;26,066852;25,573110;NaN;9,523968;9,530678;9,518441;9,527025;2,142542;2,137453;2,176350;12,004205
16-04-55_325;C:\Users\au540322\Documents\Projects\Ice-Nucleation\Builds\Full Build\Data\Calibration_7/Images/16-04-55_325.PNG;-29,471794;-29,516140;-29,516385;-29,508880;25,995688;26,066210;25,580837;NaN;9,524007;9,530695;9,518447;9,527033;2,143018;2,137503;2,175737;12,004231
16-04-55_824;C:\Users\au540322\Documents\Projects\Ice-Nucleation\Builds\Full Build\Data\Calibration_7/Images/16-04-55_824.PNG;-29,471304;-29,515943;-29,516034;-29,509001;25,997317;26,066600;25,583110;NaN;9,523947;9,530671;9,518403;9,527048;2,142890;2,137473;2,175556;12,004249
16-04-56_324;C:\Users\au540322\Documents\Projects\Ice-Nucleation\Builds\Full Build\Data\Calibration_7/Images/16-04-56_324.PNG;-29,471448;-29,516198;-29,516178;-29,509265;25,995330;26,065692;25,586314;NaN;9,523964;9,530702;9,518421;9,527081;2,143046;2,137544;2,175301;12,004276
16-04-56_824;C:\Users\au540322\Documents\Projects\Ice-Nucleation\Builds\Full Build\Data\Calibration_7/Images/16-04-56_824.PNG;-29,471506;-29,515981;-29,516673;-29,509534;25,987870;26,064417;25,586974;NaN;9,523972;9,530675;9,518483;9,527114;2,143630;2,137643;2,175249;12,004261
16-04-57_324;C:\Users\au540322\Documents\Projects\Ice-Nucleation\Builds\Full Build\Data\Calibration_7/Images/16-04-57_324.PNG;-29,471544;-29,516361;-29,516543;-29,509126;25,982863;26,061571;25,587785;NaN;9,523976;9,530722;9,518467;9,527063;2,144022;2,137866;2,175185;12,004196
16-04-57_825;C:\Users\au540322\Documents\Projects\Ice-Nucleation\Builds\Full Build\Data\Calibration_7/Images/16-04-57_825.PNG;-29,471741;-29,515919;-29,516514;-29,508948;25,975825;26,058740;25,587177;NaN;9,524001;9,530668;9,518463;9,527041;2,144573;2,138087;2,175233;12,004273
16-04-58_324;C:\Users\au540322\Documents\Projects\Ice-Nucleation\Builds\Full Build\Data\Calibration_7/Images/16-04-58_324.PNG;-29,472135;-29,515933;-29,516433;-29,508876;25,966728;26,058694;25,592595;NaN;9,524050;9,530669;9,518453;9,527032;2,145286;2,138090;2,174803;12,004184
16-04-58_825;C:\Users\au540322\Documents\Projects\Ice-Nucleation\Builds\Full Build\Data\Calibration_7/Images/16-04-58_825.PNG;-29,471525;-29,515914;-29,516586;-29,509265;25,954190;26,058877;25,602873;NaN;9,523974;9,530667;9,518472;9,527081;2,146269;2,138076;2,173987;12,004215
16-04-59_326;C:\Users\au540322\Documents\Projects\Ice-Nucleation\Builds\Full Build\Data\Calibration_7/Images/16-04-59_326.PNG;-29,471539;-29,516044;-29,516505;-29,508823;25,947326;26,058694;25,607521;NaN;9,523976;9,530683;9,518462;9,527026;2,146807;2,138090;2,173618;12,004224
16-04-59_825;C:\Users\au540322\Documents\Projects\Ice-Nucleation\Builds\Full Build\Data\Calibration_7/Images/16-04-59_825.PNG;-29,471693;-29,516159;-29,515938;-29,509207;25,944620;26,059655;25,612312;NaN;9,523995;9,530697;9,518391;9,527073;2,147020;2,138015;2,173237;12,004236
16-05-00_325;C:\Users\au540322\Documents\Projects\Ice-Nucleation\Builds\Full Build\Data\Calibration_7/Images/16-05-00_325.PNG;-29,471386;-29,516092;-29,516054;-29,508924;25,946057;26,061159;25,620395;NaN;9,523957;9,530689;9,518406;9,527038;2,146907;2,137898;2,172596;12,004191
16-05-00_825;C:\Users\au540322\Documents\Projects\Ice-Nucleation\Builds\Full Build\Data\Calibration_7/Images/16-05-00_825.PNG;-29,471323;-29,516149;-29,516058;-29,509270;25,949279;26,060403;25,631915;NaN;9,523949;9,530696;9,518406;9,527081;2,146654;2,137957;2,171682;12,004210
16-05-01_325;C:\Users\au540322\Documents\Projects\Ice-Nucleation\Builds\Full Build\Data\Calibration_7/Images/16-05-01_325.PNG;-29,471400;-29,516217;-29,516831;-29,509284;25,948063;26,059434;25,641146;NaN;9,523959;9,530705;9,518502;9,527083;2,146750;2,138032;2,170950;12,004225
16-05-01_826;C:\Users\au540322\Documents\Projects\Ice-Nucleation\Builds\Full Build\Data\Calibration_7/Images/16-05-01_826.PNG;-29,471362;-29,516472;-29,516663;-29,508813;25,946794;26,059778;25,648620;NaN;9,523954;9,530736;9,518481;9,527025;2,146849;2,138006;2,170358;12,004200
16-05-02_324;C:\Users\au540322\Documents\Projects\Ice-Nucleation\Builds\Full Build\Data\Calibration_7/Images/16-05-02_324.PNG;-29,471707;-29,516044;-29,516294;-29,509308;25,947455;26,059365;25,651155;NaN;9,523997;9,530683;9,518436;9,527086;2,146797;2,138038;2,170157;12,004188
16-05-02_825;C:\Users\au540322\Documents\Projects\Ice-Nucleation\Builds\Full Build\Data\Calibration_7/Images/16-05-02_825.PNG;-29,471218;-29,515837;-29,516178;-29,509029;25,947843;26,058801;25,655066;NaN;9,523936;9,530658;9,518421;9,527051;2,146767;2,138082;2,169847;12,004230
16-05-03_325;C:\Users\au540322\Documents\Projects\Ice-Nucleation\Builds\Full Build\Data\Calibration_7/Images/16-05-03_325.PNG;-29,471770;-29,515909;-29,516241;-29,509159;25,945487;26,056954;25,655645;NaN;9,524004;9,530666;9,518429;9,527068;2,146952;2,138226;2,169801;12,004221
16-05-03_825;C:\Users\au540322\Documents\Projects\Ice-Nucleation\Builds\Full Build\Data\Calibration_7/Images/16-05-03_825.PNG;-29,471515;-29,515668;-29,516562;-29,509231;25,945304;26,053308;25,653675;NaN;9,523973;9,530637;9,518469;9,527076;2,146966;2,138511;2,169957;12,004225
16-05-04_325;C:\Users\au540322\Documents\Projects\Ice-Nucleation\Builds\Full Build\Data\Calibration_7/Images/16-05-04_325.PNG;-29,471846;-29,515822;-29,516620;-29,509255;25,948306;26,049227;25,651824;NaN;9,524014;9,530656;9,518476;9,527079;2,146731;2,138830;2,170104;12,004213
16-05-04_825;C:\Users\au540322\Documents\Projects\Ice-Nucleation\Builds\Full Build\Data\Calibration_7/Images/16-05-04_825.PNG;-29,471501;-29,516034;-29,516116;-29,509145;25,947508;26,044750;25,656947;NaN;9,523971;9,530682;9,518414;9,527066;2,146793;2,139180;2,169698;12,004233
16-05-05_325;C:\Users\au540322\Documents\Projects\Ice-Nucleation\Builds\Full Build\Data\Calibration_7/Images/16-05-05_325.PNG;-29,470982;-29,515635;-29,516409;-29,508977;25,940867;26,039588;25,661980;NaN;9,523907;9,530632;9,518450;9,527045;2,147314;2,139583;2,169299;12,004244
16-05-05_825;C:\Users\au540322\Documents\Projects\Ice-Nucleation\Builds\Full Build\Data\Calibration_7/Images/16-05-05_825.PNG;-29,471606;-29,515991;-29,516274;-29,508924;25,936179;26,034495;25,663515;NaN;9,523984;9,530677;9,518433;9,527038;2,147682;2,139982;2,169178;12,004211
16-05-06_325;C:\Users\au540322\Documents\Projects\Ice-Nucleation\Builds\Full Build\Data\Calibration_7/Images/16-05-06_325.PNG;-29,471400;-29,515870;-29,516106;-29,509015;25,938808;26,027787;25,663394;NaN;9,523959;9,530662;9,518412;9,527050;2,147476;2,140506;2,169187;12,004259
16-05-06_824;C:\Users\au540322\Documents\Projects\Ice-Nucleation\Builds\Full Build\Data\Calibration_7/Images/16-05-06_824.PNG;-29,471352;-29,515789;-29,516409;-29,508842;25,944582;26,021706;25,659851;NaN;9,523953;9,530652;9,518450;9,527028;2,147023;2,140982;2,169468;12,004249
16-05-07_325;C:\Users\au540322\Documents\Projects\Ice-Nucleation\Builds\Full Build\Data\Calibration_7/Images/16-05-07_325.PNG;-29,471573;-29,516121;-29,516207;-29,509174;25,949477;26,016593;25,658120;NaN;9,523980;9,530693;9,518425;9,527069;2,146639;2,141382;2,169605;12,004219
16-05-07_825;C:\Users\au540322\Documents\Projects\Ice-Nucleation\Builds\Full Build\Data\Calibration_7/Images/16-05-07_825.PNG;-29,471040;-29,515726;-29,516226;-29,509082;25,952312;26,013995;25,657737;NaN;9,523914;9,530644;9,518427;9,527058;2,146416;2,141585;2,169635;12,004247
16-05-08_324;C:\Users\au540322\Documents\Projects\Ice-Nucleation\Builds\Full Build\Data\Calibration_7/Images/16-05-08_324.PNG;-29,471424;-29,515760;-29,516361;-29,509063;25,948154;26,010301;25,658444;NaN;9,523962;9,530648;9,518444;9,527056;2,146742;2,141874;2,169579;12,004244
16-05-08_824;C:\Users\au540322\Documents\Projects\Ice-Nucleation\Builds\Full Build\Data\Calibration_7/Images/16-05-08_824.PNG;-29,471414;-29,515688;-29,516476;-29,509135;25,942022;26,008381;25,662236;NaN;9,523960;9,530639;9,518458;9,527065;2,147223;2,142024;2,169279;12,004176
16-05-09_324;C:\Users\au540322\Documents\Projects\Ice-Nucleation\Builds\Full Build\Data\Calibration_7/Images/16-05-09_324.PNG;-29,471266;-29,516202;-29,516212;-29,509327;25,942911;26,007368;25,661295;NaN;9,523942;9,530703;9,518425;9,527088;2,147154;2,142103;2,169353;12,004202
16-05-09_825;C:\Users\au540322\Documents\Projects\Ice-Nucleation\Builds\Full Build\Data\Calibration_7/Images/16-05-09_825.PNG;-29,471342;-29,516048;-29,516466;-29,508986;25,948937;26,005411;25,657172;NaN;9,523951;9,530684;9,518457;9,527046;2,146681;2,142257;2,169680;12,004254
16-05-10_326;C:\Users\au540322\Documents\Projects\Ice-Nucleation\Builds\Full Build\Data\Calibration_7/Images/16-05-10_326.PNG;-29,471227;-29,516236;-29,515823;-29,509106;25,956622;26,003759;25,653073;NaN;9,523937;9,530707;9,518377;9,527061;2,146078;2,142386;2,170005;12,004249
16-05-10_825;C:\Users\au540322\Documents\Projects\Ice-Nucleation\Builds\Full Build\Data\Calibration_7/Images/16-05-10_825.PNG;-29,471102;-29,516039;-29,515866;-29,509251;25,964948;25,999913;25,649982;NaN;9,523922;9,530683;9,518383;9,527079;2,145426;2,142687;2,170250;12,004279
16-05-11_325;C:\Users\au540322\Documents\Projects\Ice-Nucleation\Builds\Full Build\Data\Calibration_7/Images/16-05-11_325.PNG;-29,471702;-29,515635;-29,516462;-29,509289;25,972097;25,997035;25,648899;NaN;9,523996;9,530632;9,518456;9,527084;2,144866;2,142912;2,170336;12,004242
16-05-11_825;C:\Users\au540322\Documents\Projects\Ice-Nucleation\Builds\Full Build\Data\Calibration_7/Images/16-05-11_825.PNG;-29,471208;-29,515947;-29,516601;-29,509332;25,978138;25,996084;25,650380;NaN;9,523935;9,530671;9,518474;9,527089;2,144392;2,142987;2,170218;12,004234
16-05-12_325;C:\Users\au540322\Documents\Projects\Ice-Nucleation\Builds\Full Build\Data\Calibration_7/Images/16-05-12_325.PNG;-29,471333;-29,515957;-29,516217;-29,508909;25,985473;25,997332;25,652712;NaN;9,523950;9,530672;9,518426;9,527037;2,143818;2,142889;2,170034;12,004262
16-05-12_825;C:\Users\au540322\Documents\Projects\Ice-Nucleation\Builds\Full Build\Data\Calibration_7/Images/16-05-12_825.PNG;-29,471309;-29,515726;-29,516567;-29,508924;25,992079;25,998489;25,651238;NaN;9,523947;9,530644;9,518470;9,527038;2,143300;2,142798;2,170150;12,004276
16-05-13_325;C:\Users\au540322\Documents\Projects\Ice-Nucleation\Builds\Full Build\Data\Calibration_7/Images/16-05-13_325.PNG;-29,471333;-29,515986;-29,516596;-29,509159;25,996228;25,999875;25,646349;NaN;9,523950;9,530676;9,518473;9,527068;2,142975;2,142690;2,170538;12,004233
16-05-13_825;C:\Users\au540322\Documents\Projects\Ice-Nucleation\Builds\Full Build\Data\Calibration_7/Images/16-05-13_825.PNG;-29,470987;-29,515851;-29,516342;-29,509025;26,001390;26,001756;25,640191;NaN;9,523907;9,530659;9,518442;9,527051;2,142571;2,142543;2,171026;12,004220
16-05-14_324;C:\Users\au540322\Documents\Projects\Ice-Nucleation\Builds\Full Build\Data\Calibration_7/Images/16-05-14_324.PNG;-29,471482;-29,515640;-29,516538;-29,508876;26,007193;26,004383;25,634598;NaN;9,523969;9,530633;9,518466;9,527032;2,142117;2,142337;2,171469;12,004193
16-05-14_825;C:\Users\au540322\Documents\Projects\Ice-Nucleation\Builds\Full Build\Data\Calibration_7/Images/16-05-14_825.PNG;-29,471549;-29,515779;-29,516241;-29,509145;26,011527;26,006592;25,629660;NaN;9,523977;9,530650;9,518429;9,527066;2,141778;2,142164;2,171861;12,004191
16-05-15_324;C:\Users\au540322\Documents\Projects\Ice-Nucleation\Builds\Full Build\Data\Calibration_7/Images/16-05-15_324.PNG;-29,471722;-29,515793;-29,516615;-29,509092;26,006013;26,009608;25,629029;NaN;9,523998;9,530652;9,518476;9,527059;2,142210;2,141928;2,171911;12,004238
16-05-15_825;C:\Users\au540322\Documents\Projects\Ice-Nucleation\Builds\Full Build\Data\Calibration_7/Images/16-05-15_825.PNG;-29,471141;-29,515389;-29,516207;-29,508876;26,005160;26,011885;25,627165;NaN;9,523926;9,530602;9,518425;9,527032;2,142276;2,141750;2,172059;12,004241
16-05-16_325;C:\Users\au540322\Documents\Projects\Ice-Nucleation\Builds\Full Build\Data\Calibration_7/Images/16-05-16_325.PNG;-29,471395;-29,516010;-29,516327;-29,509034;25,998939;26,012776;25,626511;NaN;9,523958;9,530679;9,518440;9,527052;2,142763;2,141680;2,172111;12,004245
16-05-16_824;C:\Users\au540322\Documents\Projects\Ice-Nucleation\Builds\Full Build\Data\Calibration_7/Images/16-05-16_824.PNG;-29,471544;-29,515476;-29,516135;-29,508991;25,993983;26,013546;25,630164;NaN;9,523976;9,530613;9,518416;9,527047;2,143151;2,141620;2,171821;12,004227
16-05-17_324;C:\Users\au540322\Documents\Projects\Ice-Nucleation\Builds\Full Build\Data\Calibration_7/Images/16-05-17_324.PNG;-29,471376;-29,515789;-29,516222;-29,509034;25,990991;26,014909;25,632832;NaN;9,523956;9,530652;9,518427;9,527052;2,143386;2,141513;2,171610;12,004233
16-05-17_825;C:\Users\au540322\Documents\Projects\Ice-Nucleation\Builds\Full Build\Data\Calibration_7/Images/16-05-17_825.PNG;-29,471789;-29,516048;-29,516265;-29,509303;25,985153;26,015321;25,633320;NaN;9,524007;9,530684;9,518432;9,527085;2,143843;2,141481;2,171571;12,004243
16-05-18_324;C:\Users\au540322\Documents\Projects\Ice-Nucleation\Builds\Full Build\Data\Calibration_7/Images/16-05-18_324.PNG;-29,471544;-29,515529;-29,516250;-29,508895;25,983715;26,017210;25,631892;NaN;9,523976;9,530619;9,518430;9,527035;2,143955;2,141333;2,171684;12,004233
16-05-18_825;C:\Users\au540322\Documents\Projects\Ice-Nucleation\Builds\Full Build\Data\Calibration_7/Images/16-05-18_825.PNG;-29,471203;-29,515620;-29,516226;-29,509077;25,987893;26,019321;25,630291;NaN;9,523934;9,530631;9,518427;9,527057;2,143628;2,141168;2,171811;12,004178
16-05-19_326;C:\Users\au540322\Documents\Projects\Ice-Nucleation\Builds\Full Build\Data\Calibration_7/Images/16-05-19_326.PNG;-29,471789;-29,515452;-29,516178;-29,508890;25,988023;26,022346;25,629585;NaN;9,524007;9,530610;9,518421;9,527034;2,143618;2,140932;2,171867;12,004230
16-05-19_825;C:\Users\au540322\Documents\Projects\Ice-Nucleation\Builds\Full Build\Data\Calibration_7/Images/16-05-19_825.PNG;-29,471338;-29,515659;-29,515886;-29,509106;25,983426;26,024822;25,627210;NaN;9,523951;9,530635;9,518385;9,527061;2,143978;2,140738;2,172055;12,004278
16-05-20_325;C:\Users\au540322\Documents\Projects\Ice-Nucleation\Builds\Full Build\Data\Calibration_7/Images/16-05-20_325.PNG;-29,471534;-29,515558;-29,516231;-29,509044;25,987528;26,027246;25,626316;NaN;9,523975;9,530623;9,518428;9,527053;2,143657;2,140548;2,172126;12,004166
16-05-20_825;C:\Users\au540322\Documents\Projects\Ice-Nucleation\Builds\Full Build\Data\Calibration_7/Images/16-05-20_825.PNG;-29,471347;-29,515447;-29,516073;-29,508847;25,993335;26,030904;25,620906;NaN;9,523952;9,530609;9,518408;9,527029;2,143202;2,140262;2,172555;12,004266
16-05-21_325;C:\Users\au540322\Documents\Projects\Ice-Nucleation\Builds\Full Build\Data\Calibration_7/Images/16-05-21_325.PNG;-29,471429;-29,515615;-29,515847;-29,509174;25,997766;26,033374;25,613439;NaN;9,523962;9,530630;9,518380;9,527069;2,142855;2,140069;2,173148;12,004210
16-05-21_825;C:\Users\au540322\Documents\Projects\Ice-Nucleation\Builds\Full Build\Data\Calibration_7/Images/16-05-21_825.PNG;-29,471280;-29,515837;-29,516054;-29,508832;26,000842;26,034167;25,609038;NaN;9,523944;9,530658;9,518406;9,527027;2,142614;2,140007;2,173497;12,004207
16-05-22_326;C:\Users\au540322\Documents\Projects\Ice-Nucleation\Builds\Full Build\Data\Calibration_7/Images/16-05-22_326.PNG;-29,471558;-29,515673;-29,516404;-29,508664;25,995338;26,035486;25,610337;NaN;9,523978;9,530637;9,518449;9,527006;2,143045;2,139904;2,173394;12,004216
16-05-22_825;C:\Users\au540322\Documents\Projects\Ice-Nucleation\Builds\Full Build\Data\Calibration_7/Images/16-05-22_825.PNG;-29,471270;-29,516005;-29,516375;-29,509025;25,993990;26,036446;25,617510;NaN;9,523942;9,530678;9,518446;9,527051;2,143151;2,139829;2,172825;12,004215
16-05-23_324;C:\Users\au540322\Documents\Projects\Ice-Nucleation\Builds\Full Build\Data\Calibration_7/Images/16-05-23_324.PNG;-29,471664;-29,515688;-29,516015;-29,509111;25,991052;26,036896;25,621079;NaN;9,523991;9,530639;9,518401;9,527062;2,143381;2,139794;2,172542;12,004240
16-05-23_825;C:\Users\au540322\Documents\Projects\Ice-Nucleation\Builds\Full Build\Data\Calibration_7/Images/16-05-23_825.PNG;-29,471275;-29,515457;-29,515986;-29,508885;25,994759;26,034853;25,617097;NaN;9,523943;9,530610;9,518397;9,527034;2,143090;2,139954;2,172858;12,004182
16-05-24_325;C:\Users\au540322\Documents\Projects\Ice-Nucleation\Builds\Full Build\Data\Calibration_7/Images/16-05-24_325.PNG;-29,471515;-29,515750;-29,515962;-29,509145;25,998330;26,034975;25,611058;NaN;9,523973;9,530647;9,518394;9,527066;2,142811;2,139944;2,173337;12,004224
16-05-24_826;C:\Users\au540322\Documents\Projects\Ice-Nucleation\Builds\Full Build\Data\Calibration_7/Images/16-05-24_826.PNG;-29,471304;-29,515558;-29,516452;-29,509025;26,002738;26,034906;25,606319;NaN;9,523947;9,530623;9,518455;9,527051;2,142466;2,139949;2,173713;12,004244
16-05-25_325;C:\Users\au540322\Documents\Projects\Ice-Nucleation\Builds\Full Build\Data\Calibration_7/Images/16-05-25_325.PNG;-29,471189;-29,515495;-29,516063;-29,509020;26,004520;26,034342;25,604570;NaN;9,523932;9,530615;9,518407;9,527050;2,142326;2,139993;2,173852;12,004224
16-05-25_824;C:\Users\au540322\Documents\Projects\Ice-Nucleation\Builds\Full Build\Data\Calibration_7/Images/16-05-25_824.PNG;-29,471011;-29,515553;-29,516174;-29,508938;25,995870;26,033778;25,611103;NaN;9,523910;9,530622;9,518421;9,527040;2,143003;2,140038;2,173333;12,004221
16-05-26_325;C:\Users\au540322\Documents\Projects\Ice-Nucleation\Builds\Full Build\Data\Calibration_7/Images/16-05-26_325.PNG;-29,471438;-29,515668;-29,516063;-29,509039;25,986972;26,032802;25,616767;NaN;9,523963;9,530637;9,518407;9,527053;2,143700;2,140114;2,172884;12,004197
16-05-26_825;C:\Users\au540322\Documents\Projects\Ice-Nucleation\Builds\Full Build\Data\Calibration_7/Images/16-05-26_825.PNG;-29,471184;-29,515635;-29,516068;-29,508693;25,986972;26,033778;25,615084;NaN;9,523932;9,530632;9,518408;9,527010;2,143700;2,140038;2,173017;12,004228
16-05-27_324;C:\Users\au540322\Documents\Projects\Ice-Nucleation\Builds\Full Build\Data\Calibration_7/Images/16-05-27_324.PNG;-29,470848;-29,515548;-29,515780;-29,508683;25,985945;26,035463;25,616038;NaN;9,523890;9,530622;9,518372;9,527009;2,143781;2,139906;2,172942;12,004240
16-05-27_825;C:\Users\au540322\Documents\Projects\Ice-Nucleation\Builds\Full Build\Data\Calibration_7/Images/16-05-27_825.PNG;-29,471342;-29,515380;-29,515991;-29,508770;25,977210;26,036119;25,615069;NaN;9,523951;9,530601;9,518398;9,527019;2,144465;2,139855;2,173019;12,004258
16-05-28_324;C:\Users\au540322\Documents\Projects\Ice-Nucleation\Builds\Full Build\Data\Calibration_7/Images/16-05-28_324.PNG;-29,471213;-29,515577;-29,516198;-29,508904;25,968066;26,038513;25,613792;NaN;9,523935;9,530625;9,518424;9,527036;2,145181;2,139667;2,173120;12,004194
16-05-28_825;C:\Users\au540322\Documents\Projects\Ice-Nucleation\Builds\Full Build\Data\Calibration_7/Images/16-05-28_825.PNG;-29,471218;-29,515452;-29,515703;-29,508746;25,956653;26,041372;25,614250;NaN;9,523936;9,530610;9,518362;9,527016;2,146076;2,139444;2,173084;12,004211
16-05-29_325;C:\Users\au540322\Documents\Projects\Ice-Nucleation\Builds\Full Build\Data\Calibration_7/Images/16-05-29_325.PNG;-29,471347;-29,515630;-29,515756;-29,508765;25,948443;26,044125;25,611974;NaN;9,523952;9,530632;9,518369;9,527019;2,146720;2,139229;2,173264;12,004204
16-05-29_825;C:\Users\au540322\Documents\Projects\Ice-Nucleation\Builds\Full Build\Data\Calibration_7/Images/16-05-29_825.PNG;-29,471078;-29,515255;-29,516034;-29,508900;25,945023;26,045688;25,610172;NaN;9,523919;9,530585;9,518403;9,527035;2,146988;2,139107;2,173407;12,004228
16-05-30_325;C:\Users\au540322\Documents\Projects\Ice-Nucleation\Builds\Full Build\Data\Calibration_7/Images/16-05-30_325.PNG;-29,471309;-29,515563;-29,515833;-29,509015;25,934705;26,047976;25,611877;NaN;9,523947;9,530624;9,518378;9,527050;2,147797;2,138928;2,173272;12,004200
16-05-30_826;C:\Users\au540322\Documents\Projects\Ice-Nucleation\Builds\Full Build\Data\Calibration_7/Images/16-05-30_826.PNG;-29,471654;-29,515553;-29,516250;-29,509029;25,924201;26,049502;25,610660;NaN;9,523990;9,530622;9,518430;9,527051;2,148622;2,138808;2,173368;12,004241
16-05-31_324;C:\Users\au540322\Documents\Projects\Ice-Nucleation\Builds\Full Build\Data\Calibration_7/Images/16-05-31_324.PNG;-29,471069;-29,515452;-29,515977;-29,509217;25,919190;26,051508;25,613138;NaN;9,523917;9,530610;9,518396;9,527075;2,149015;2,138652;2,173172;12,004207
16-05-31_825;C:\Users\au540322\Documents\Projects\Ice-Nucleation\Builds\Full Build\Data\Calibration_7/Images/16-05-31_825.PNG;-29,471328;-29,515274;-29,515900;-29,509068;25,915173;26,052965;25,612132;NaN;9,523950;9,530588;9,518387;9,527056;2,149331;2,138538;2,173252;12,004201
16-05-32_324;C:\Users\au540322\Documents\Projects\Ice-Nucleation\Builds\Full Build\Data\Calibration_7/Images/16-05-32_324.PNG;-29,471491;-29,515678;-29,516006;-29,509289;25,916882;26,055505;25,611922;NaN;9,523970;9,530638;9,518400;9,527084;2,149196;2,138339;2,173268;12,004207
16-05-32_826;C:\Users\au540322\Documents\Projects\Ice-Nucleation\Builds\Full Build\Data\Calibration_7/Images/16-05-32_826.PNG;-29,471246;-29,515630;-29,515857;-29,508448;25,920290;26,057565;25,613394;NaN;9,523939;9,530632;9,518381;9,526979;2,148929;2,138178;2,173152;12,004208
16-05-33_324;C:\Users\au540322\Documents\Projects\Ice-Nucleation\Builds\Full Build\Data\Calibration_7/Images/16-05-33_324.PNG;-29,471318;-29,515664;-29,515780;-29,508880;25,923085;26,060128;25,618254;NaN;9,523948;9,530636;9,518372;9,527033;2,148709;2,137978;2,172766;12,004197
16-05-33_824;C:\Users\au540322\Documents\Projects\Ice-Nucleation\Builds\Full Build\Data\Calibration_7/Images/16-05-33_824.PNG;-29,470925;-29,515091;-29,515574;-29,508842;25,927360;26,061937;25,622228;NaN;9,523900;9,530565;9,518346;9,527028;2,148374;2,137837;2,172451;12,004233
16-05-34_324;C:\Users\au540322\Documents\Projects\Ice-Nucleation\Builds\Full Build\Data\Calibration_7/Images/16-05-34_324.PNG;-29,471314;-29,515385;-29,515818;-29,508904;25,933847;26,063349;25,627195;NaN;9,523948;9,530601;9,518377;9,527036;2,147865;2,137727;2,172057;12,004239
16-05-34_825;C:\Users\au540322\Documents\Projects\Ice-Nucleation\Builds\Full Build\Data\Calibration_7/Images/16-05-34_825.PNG;-29,471371;-29,515207;-29,516188;-29,508861;25,938435;26,064631;25,638094;NaN;9,523955;9,530579;9,518422;9,527031;2,147505;2,137627;2,171192;12,004187
16-05-35_325;C:\Users\au540322\Documents\Projects\Ice-Nucleation\Builds\Full Build\Data\Calibration_7/Images/16-05-35_325.PNG;-29,471021;-29,515134;-29,515886;-29,508736;25,941315;26,066127;25,650079;NaN;9,523911;9,530570;9,518385;9,527015;2,147279;2,137510;2,170242;12,004175
16-05-35_825;C:\Users\au540322\Documents\Projects\Ice-Nucleation\Builds\Full Build\Data\Calibration_7/Images/16-05-35_825.PNG;-29,471054;-29,515284;-29,516126;-29,508991;25,948177;26,067393;25,658827;NaN;9,523916;9,530589;9,518415;9,527047;2,146741;2,137411;2,169549;12,004222
16-05-36_325;C:\Users\au540322\Documents\Projects\Ice-Nucleation\Builds\Full Build\Data\Calibration_7/Images/16-05-36_325.PNG;-29,471294;-29,515404;-29,515958;-29,508606;25,956805;26,068195;25,660671;NaN;9,523945;9,530604;9,518394;9,526999;2,146064;2,137348;2,169403;12,004202
16-05-36_825;C:\Users\au540322\Documents\Projects\Ice-Nucleation\Builds\Full Build\Data\Calibration_7/Images/16-05-36_825.PNG;-29,471040;-29,515457;-29,516169;-29,508981;25,965229;26,069592;25,662469;NaN;9,523914;9,530610;9,518420;9,527045;2,145404;2,137239;2,169261;12,004237
16-05-37_325;C:\Users\au540322\Documents\Projects\Ice-Nucleation\Builds\Full Build\Data\Calibration_7/Images/16-05-37_325.PNG;-29,471002;-29,515510;-29,515900;-29,508717;25,967123;26,071836;25,660325;NaN;9,523909;9,530617;9,518387;9,527013;2,145255;2,137064;2,169430;12,004143
16-05-37_825;C:\Users\au540322\Documents\Projects\Ice-Nucleation\Builds\Full Build\Data\Calibration_7/Images/16-05-37_825.PNG;-29,470891;-29,515154;-29,515866;-29,508717;25,966043;26,074515;25,661792;NaN;9,523895;9,530573;9,518383;9,527013;2,145340;2,136855;2,169314;12,004261
16-05-38_325;C:\Users\au540322\Documents\Projects\Ice-Nucleation\Builds\Full Build\Data\Calibration_7/Images/16-05-38_325.PNG;-29,471011;-29,515442;-29,516006;-29,508813;25,971915;26,075118;25,666209;NaN;9,523910;9,530609;9,518400;9,527025;2,144880;2,136808;2,168964;12,004222
16-05-38_824;C:\Users\au540322\Documents\Projects\Ice-Nucleation\Builds\Full Build\Data\Calibration_7/Images/16-05-38_824.PNG;-29,470891;-29,515327;-29,515977;-29,508563;25,971230;26,075889;25,671296;NaN;9,523895;9,530594;9,518396;9,526994;2,144933;2,136747;2,168561;12,004245
16-05-39_325;C:\Users\au540322\Documents\Projects\Ice-Nucleation\Builds\Full Build\Data\Calibration_7/Images/16-05-39_325.PNG;-29,471050;-29,514860;-29,516020;-29,508529;25,977164;26,077134;25,676181;NaN;9,523915;9,530537;9,518402;9,526989;2,144469;2,136650;2,168175;12,004184
16-05-39_825;C:\Users\au540322\Documents\Projects\Ice-Nucleation\Builds\Full Build\Data\Calibration_7/Images/16-05-39_825.PNG;-29,471280;-29,515842;-29,516111;-29,509053;25,983221;26,078684;25,675955;NaN;9,523944;9,530658;9,518413;9,527054;2,143994;2,136529;2,168192;12,004249
16-05-40_325;C:\Users\au540322\Documents\Projects\Ice-Nucleation\Builds\Full Build\Data\Calibration_7/Images/16-05-40_325.PNG;-29,470992;-29,515654;-29,515938;-29,508876;25,991212;26,079760;25,671364;NaN;9,523908;9,530635;9,518391;9,527032;2,143368;2,136445;2,168556;12,004222
16-05-40_824;C:\Users\au540322\Documents\Projects\Ice-Nucleation\Builds\Full Build\Data\Calibration_7/Images/16-05-40_824.PNG;-29,471194;-29,515365;-29,515881;-29,508597;25,999616;26,080845;25,665562;NaN;9,523933;9,530599;9,518384;9,526998;2,142710;2,136361;2,169016;12,004186
16-05-41_326;C:\Users\au540322\Documents\Projects\Ice-Nucleation\Builds\Full Build\Data\Calibration_7/Images/16-05-41_326.PNG;-29,471150;-29,515332;-29,516010;-29,508669;26,006036;26,081891;25,657797;NaN;9,523928;9,530595;9,518400;9,527007;2,142208;2,136279;2,169631;12,004236
16-05-41_825;C:\Users\au540322\Documents\Projects\Ice-Nucleation\Builds\Full Build\Data\Calibration_7/Images/16-05-41_825.PNG;-29,470958;-29,515389;-29,515953;-29,508736;26,010346;26,080959;25,653667;NaN;9,523904;9,530602;9,518393;9,527015;2,141870;2,136352;2,169958;12,004246
16-05-42_325;C:\Users\au540322\Documents\Projects\Ice-Nucleation\Builds\Full Build\Data\Calibration_7/Images/16-05-42_325.PNG;-29,471064;-29,515312;-29,515818;-29,508895;26,013569;26,079745;25,653404;NaN;9,523917;9,530593;9,518377;9,527035;2,141618;2,136446;2,169979;12,004207
16-05-42_825;C:\Users\au540322\Documents\Projects\Ice-Nucleation\Builds\Full Build\Data\Calibration_7/Images/16-05-42_825.PNG;-29,470982;-29,515000;-29,515458;-29,508337;26,019511;26,080226;25,657037;NaN;9,523907;9,530554;9,518332;9,526966;2,141153;2,136409;2,169691;12,004170
16-05-43_324;C:\Users\au540322\Documents\Projects\Ice-Nucleation\Builds\Full Build\Data\Calibration_7/Images/16-05-43_324.PNG;-29,471150;-29,515442;-29,515871;-29,508967;26,025996;26,082044;25,666291;NaN;9,523928;9,530609;9,518383;9,527044;2,140646;2,136267;2,168958;12,004196
16-05-43_826;C:\Users\au540322\Documents\Projects\Ice-Nucleation\Builds\Full Build\Data\Calibration_7/Images/16-05-43_826.PNG;-29,470776;-29,515563;-29,515828;-29,508280;26,029471;26,082441;25,675820;NaN;9,523881;9,530624;9,518378;9,526958;2,140374;2,136236;2,168203;12,004207
16-05-44_325;C:\Users\au540322\Documents\Projects\Ice-Nucleation\Builds\Full Build\Data\Calibration_7/Images/16-05-44_325.PNG;-29,471232;-29,515587;-29,515626;-29,508977;26,030371;26,082013;25,678899;NaN;9,523938;9,530627;9,518353;9,527045;2,140304;2,136269;2,167959;12,004142
16-05-44_824;C:\Users\au540322\Documents\Projects\Ice-Nucleation\Builds\Full Build\Data\Calibration_7/Images/16-05-44_824.PNG;-29,471088;-29,515317;-29,515910;-29,508645;26,030317;26,080203;25,680156;NaN;9,523920;9,530593;9,518388;9,527004;2,140308;2,136411;2,167860;12,004204
16-05-45_325;C:\Users\au540322\Documents\Projects\Ice-Nucleation\Builds\Full Build\Data\Calibration_7/Images/16-05-45_325.PNG;-29,470810;-29,515009;-29,516054;-29,508534;26,032840;26,077287;25,685555;NaN;9,523885;9,530555;9,518406;9,526990;2,140111;2,136638;2,167432;12,004216
16-05-45_825;C:\Users\au540322\Documents\Projects\Ice-Nucleation\Builds\Full Build\Data\Calibration_7/Images/16-05-45_825.PNG;-29,471054;-29,515442;-29,515761;-29,508876;26,036050;26,075607;25,688251;NaN;9,523916;9,530609;9,518369;9,527032;2,139860;2,136769;2,167219;12,004191
16-05-46_325;C:\Users\au540322\Documents\Projects\Ice-Nucleation\Builds\Full Build\Data\Calibration_7/Images/16-05-46_325.PNG;-29,471011;-29,515659;-29,515862;-29,508443;26,038383;26,074645;25,690736;NaN;9,523910;9,530635;9,518382;9,526979;2,139678;2,136845;2,167022;12,004234
16-05-46_825;C:\Users\au540322\Documents\Projects\Ice-Nucleation\Builds\Full Build\Data\Calibration_7/Images/16-05-46_825.PNG;-29,471050;-29,515235;-29,516049;-29,508876;26,038635;26,074309;25,684621;NaN;9,523915;9,530583;9,518405;9,527032;2,139658;2,136871;2,167506;12,004251
16-05-47_325;C:\Users\au540322\Documents\Projects\Ice-Nucleation\Builds\Full Build\Data\Calibration_7/Images/16-05-47_325.PNG;-29,470757;-29,515486;-29,515847;-29,508981;26,042607;26,074149;25,676814;NaN;9,523879;9,530614;9,518380;9,527045;2,139347;2,136883;2,168124;12,004201
16-05-47_825;C:\Users\au540322\Documents\Projects\Ice-Nucleation\Builds\Full Build\Data\Calibration_7/Images/16-05-47_825.PNG;-29,471141;-29,515125;-29,516116;-29,508491;26,047618;26,075645;25,671883;NaN;9,523926;9,530569;9,518414;9,526985;2,138956;2,136766;2,168515;12,004231
16-05-48_324;C:\Users\au540322\Documents\Projects\Ice-Nucleation\Builds\Full Build\Data\Calibration_7/Images/16-05-48_324.PNG;-29,470920;-29,515158;-29,516020;-29,508510;26,052339;26,075546;25,666186;NaN;9,523899;9,530573;9,518402;9,526987;2,138587;2,136774;2,168966;12,004197
16-05-48_824;C:\Users\au540322\Documents\Projects\Ice-Nucleation\Builds\Full Build\Data\Calibration_7/Images/16-05-48_824.PNG;-29,470939;-29,515716;-29,516154;-29,508799;26,050539;26,074698;25,660513;NaN;9,523901;9,530643;9,518418;9,527023;2,138727;2,136840;2,169415;12,004169
16-05-49_325;C:\Users\au540322\Documents\Projects\Ice-Nucleation\Builds\Full Build\Data\Calibration_7/Images/16-05-49_325.PNG;-29,470704;-29,515250;-29,516025;-29,508496;26,049448;26,074737;25,655706;NaN;9,523872;9,530585;9,518402;9,526985;2,138813;2,136837;2,169796;12,004221
16-05-49_825;C:\Users\au540322\Documents\Projects\Ice-Nucleation\Builds\Full Build\Data\Calibration_7/Images/16-05-49_825.PNG;-29,470992;-29,515471;-29,516068;-29,508515;26,042539;26,074897;25,653675;NaN;9,523908;9,530612;9,518408;9,526988;2,139353;2,136825;2,169957;12,004197
16-05-50_326;C:\Users\au540322\Documents\Projects\Ice-Nucleation\Builds\Full Build\Data\Calibration_7/Images/16-05-50_326.PNG;-29,471184;-29,515399;-29,516097;-29,508621;26,037216;26,073698;25,658760;NaN;9,523932;9,530603;9,518411;9,527001;2,139769;2,136918;2,169554;12,004178
16-05-50_825;C:\Users\au540322\Documents\Projects\Ice-Nucleation\Builds\Full Build\Data\Calibration_7/Images/16-05-50_825.PNG;-29,471074;-29,515543;-29,515977;-29,508789;26,035410;26,071485;25,659813;NaN;9,523918;9,530621;9,518396;9,527022;2,139910;2,137091;2,169471;12,004231
16-05-51_325;C:\Users\au540322\Documents\Projects\Ice-Nucleation\Builds\Full Build\Data\Calibration_7/Images/16-05-51_325.PNG;-29,471021;-29,515182;-29,515761;-29,508852;26,034213;26,071897;25,664666;NaN;9,523911;9,530576;9,518369;9,527029;2,140004;2,137059;2,169086;12,004205
16-05-51_825;C:\Users\au540322\Documents\Projects\Ice-Nucleation\Builds\Full Build\Data\Calibration_7/Images/16-05-51_825.PNG;-29,470877;-29,515043;-29,516111;-29,508688;26,031598;26,073042;25,667729;NaN;9,523894;9,530559;9,518413;9,527009;2,140208;2,136970;2,168844;12,004200
16-05-52_326;C:\Users\au540322\Documents\Projects\Ice-Nucleation\Builds\Full Build\Data\Calibration_7/Images/16-05-52_326.PNG;-29,470867;-29,515346;-29,515770;-29,508698;26,029540;26,074790;25,668669;NaN;9,523892;9,530597;9,518371;9,527010;2,140369;2,136833;2,168769;12,004258
16-05-52_825;C:\Users\au540322\Documents\Projects\Ice-Nucleation\Builds\Full Build\Data\Calibration_7/Images/16-05-52_825.PNG;-29,470954;-29,515538;-29,516145;-29,508866;26,026872;26,076057;25,670303;NaN;9,523903;9,530621;9,518417;9,527031;2,140578;2,136734;2,168640;12,004246
16-05-53_326;C:\Users\au540322\Documents\Projects\Ice-Nucleation\Builds\Full Build\Data\Calibration_7/Images/16-05-53_326.PNG;-29,470838;-29,515106;-29,515550;-29,508650;26,027040;26,076722;25,671123;NaN;9,523889;9,530567;9,518343;9,527004;2,140564;2,136682;2,168575;12,004241
16-05-53_825;C:\Users\au540322\Documents\Projects\Ice-Nucleation\Builds\Full Build\Data\Calibration_7/Images/16-05-53_825.PNG;-29,471040;-29,515298;-29,515996;-29,508491;26,026971;26,076668;25,672199;NaN;9,523914;9,530591;9,518399;9,526985;2,140570;2,136687;2,168490;12,004276
16-05-54_325;C:\Users\au540322\Documents\Projects\Ice-Nucleation\Builds\Full Build\Data\Calibration_7/Images/16-05-54_325.PNG;-29,471035;-29,515529;-29,516025;-29,508630;26,024807;26,077103;25,670897;NaN;9,523913;9,530619;9,518402;9,527002;2,140739;2,136653;2,168593;12,004253
16-05-54_825;C:\Users\au540322\Documents\Projects\Ice-Nucleation\Builds\Full Build\Data\Calibration_7/Images/16-05-54_825.PNG;-29,471299;-29,515346;-29,516284;-29,508568;26,017637;26,077355;25,672011;NaN;9,523946;9,530597;9,518434;9,526994;2,141300;2,136633;2,168505;12,004234
16-05-55_326;C:\Users\au540322\Documents\Projects\Ice-Nucleation\Builds\Full Build\Data\Calibration_7/Images/16-05-55_326.PNG;-29,470949;-29,515255;-29,516006;-29,508866;26,010628;26,078340;25,672628;NaN;9,523903;9,530585;9,518400;9,527031;2,141848;2,136556;2,168456;12,004226
16-05-55_824;C:\Users\au540322\Documents\Projects\Ice-Nucleation\Builds\Full Build\Data\Calibration_7/Images/16-05-55_824.PNG;-29,471323;-29,515433;-29,515818;-29,508693;26,003104;26,080043;25,673268;NaN;9,523949;9,530607;9,518377;9,527010;2,142437;2,136423;2,168405;12,004231
16-05-56_325;C:\Users\au540322\Documents\Projects\Ice-Nucleation\Builds\Full Build\Data\Calibration_7/Images/16-05-56_325.PNG;-29,471021;-29,515279;-29,515809;-29,508611;25,992902;26,081585;25,672485;NaN;9,523911;9,530588;9,518375;9,527000;2,143236;2,136303;2,168467;12,004203
16-05-56_825;C:\Users\au540322\Documents\Projects\Ice-Nucleation\Builds\Full Build\Data\Calibration_7/Images/16-05-56_825.PNG;-29,470906;-29,515327;-29,515622;-29,508693;25,978990;26,082922;25,669768;NaN;9,523897;9,530594;9,518352;9,527010;2,144326;2,136198;2,168682;12,004206
16-05-57_324;C:\Users\au540322\Documents\Projects\Ice-Nucleation\Builds\Full Build\Data\Calibration_7/Images/16-05-57_324.PNG;-29,471083;-29,515178;-29,515799;-29,508741;25,971694;26,083525;25,669257;NaN;9,523919;9,530576;9,518374;9,527016;2,144897;2,136151;2,168723;12,004181
16-05-57_825;C:\Users\au540322\Documents\Projects\Ice-Nucleation\Builds\Full Build\Data\Calibration_7/Images/16-05-57_825.PNG;-29,471323;-29,515591;-29,515833;-29,508578;25,967351;26,082922;25,665750;NaN;9,523949;9,530627;9,518378;9,526995;2,145237;2,136198;2,169001;12,004231
16-05-58_325;C:\Users\au540322\Documents\Projects\Ice-Nucleation\Builds\Full Build\Data\Calibration_7/Images/16-05-58_325.PNG;-29,470747;-29,515072;-29,515986;-29,508529;25,967716;26,083907;25,658910;NaN;9,523877;9,530563;9,518397;9,526989;2,145209;2,136122;2,169542;12,004242
16-05-58_825;C:\Users\au540322\Documents\Projects\Ice-Nucleation\Builds\Full Build\Data\Calibration_7/Images/16-05-58_825.PNG;-29,470925;-29,515476;-29,515962;-29,508760;25,964332;26,085343;25,652922;NaN;9,523900;9,530613;9,518394;9,527018;2,145474;2,136009;2,170017;12,004228
16-05-59_325;C:\Users\au540322\Documents\Projects\Ice-Nucleation\Builds\Full Build\Data\Calibration_7/Images/16-05-59_325.PNG;-29,471098;-29,515216;-29,515655;-29,508611;25,961777;26,086725;25,648650;NaN;9,523921;9,530581;9,518356;9,527000;2,145674;2,135902;2,170355;12,004240
16-05-59_824;C:\Users\au540322\Documents\Projects\Ice-Nucleation\Builds\Full Build\Data\Calibration_7/Images/16-05-59_824.PNG;-29,471045;-29,515014;-29,515823;-29,508626;25,961709;26,087825;25,645838;NaN;9,523914;9,530556;9,518377;9,527001;2,145680;2,135816;2,170578;12,004209
16-06-00_325;C:\Users\au540322\Documents\Projects\Ice-Nucleation\Builds\Full Build\Data\Calibration_7/Images/16-06-00_325.PNG;-29,470546;-29,515308;-29,515794;-29,508731;25,963404;26,088107;25,640913;NaN;9,523852;9,530592;9,518374;9,527014;2,145547;2,135794;2,170969;12,004215
16-06-00_825;C:\Users\au540322\Documents\Projects\Ice-Nucleation\Builds\Full Build\Data\Calibration_7/Images/16-06-00_825.PNG;-29,470954;-29,515240;-29,515862;-29,508650;25,960941;26,088077;25,634718;NaN;9,523903;9,530584;9,518382;9,527004;2,145740;2,135796;2,171460;12,004209
16-06-01_325;C:\Users\au540322\Documents\Projects\Ice-Nucleation\Builds\Full Build\Data\Calibration_7/Images/16-06-01_325.PNG;-29,470579;-29,515389;-29,515425;-29,508856;25,959329;26,087237;25,632163;NaN;9,523857;9,530602;9,518328;9,527030;2,145866;2,135862;2,171663;12,004244
16-06-01_825;C:\Users\au540322\Documents\Projects\Ice-Nucleation\Builds\Full Build\Data\Calibration_7/Images/16-06-01_825.PNG;-29,471323;-29,515495;-29,515756;-29,508481;25,959633;26,087412;25,633538;NaN;9,523949;9,530615;9,518369;9,526983;2,145842;2,135848;2,171554;12,004231
16-06-02_325;C:\Users\au540322\Documents\Projects\Ice-Nucleation\Builds\Full Build\Data\Calibration_7/Images/16-06-02_325.PNG;-29,470771;-29,515293;-29,516054;-29,508837;25,960218;26,087244;25,631381;NaN;9,523880;9,530590;9,518406;9,527028;2,145797;2,135861;2,171725;12,004231
16-06-02_825;C:\Users\au540322\Documents\Projects\Ice-Nucleation\Builds\Full Build\Data\Calibration_7/Images/16-06-02_825.PNG;-29,470925;-29,515072;-29,515617;-29,508554;25,960310;26,086939;25,630013;NaN;9,523900;9,530563;9,518352;9,526992;2,145789;2,135885;2,171833;12,004250
16-06-03_324;C:\Users\au540322\Documents\Projects\Ice-Nucleation\Builds\Full Build\Data\Calibration_7/Images/16-06-03_324.PNG;-29,470757;-29,515293;-29,515679;-29,508529;25,955239;26,086893;25,630517;NaN;9,523879;9,530590;9,518359;9,526989;2,146187;2,135888;2,171793;12,004230
16-06-03_826;C:\Users\au540322\Documents\Projects\Ice-Nucleation\Builds\Full Build\Data\Calibration_7/Images/16-06-03_826.PNG;-29,470925;-29,515360;-29,515948;-29,508914;25,941399;26,085029;25,638838;NaN;9,523900;9,530598;9,518393;9,527037;2,147272;2,136034;2,171133;12,004210
16-06-04_325;C:\Users\au540322\Documents\Projects\Ice-Nucleation\Builds\Full Build\Data\Calibration_7/Images/16-06-04_325.PNG;-29,470814;-29,515553;-29,515727;-29,508443;25,932593;26,083716;25,647485;NaN;9,523886;9,530622;9,518365;9,526979;2,147963;2,136136;2,170448;12,004241
16-06-04_824;C:\Users\au540322\Documents\Projects\Ice-Nucleation\Builds\Full Build\Data\Calibration_7/Images/16-06-04_824.PNG;-29,471146;-29,515548;-29,515554;-29,508760;25,922667;26,082013;25,654502;NaN;9,523927;9,530622;9,518344;9,527018;2,148742;2,136269;2,169892;12,004178
16-06-05_325;C:\Users\au540322\Documents\Projects\Ice-Nucleation\Builds\Full Build\Data\Calibration_7/Images/16-06-05_325.PNG;-29,471184;-29,515264;-29,516174;-29,508606;25,910558;26,079371;25,653389;NaN;9,523932;9,530587;9,518421;9,526999;2,149693;2,136476;2,169980;12,004213
16-06-05_825;C:\Users\au540322\Documents\Projects\Ice-Nucleation\Builds\Full Build\Data\Calibration_7/Images/16-06-05_825.PNG;-29,471150;-29,515240;-29,515842;-29,508616;25,902134;26,077844;25,655405;NaN;9,523928;9,530584;9,518380;9,527000;2,150355;2,136595;2,169820;12,004256
16-06-06_325;C:\Users\au540322\Documents\Projects\Ice-Nucleation\Builds\Full Build\Data\Calibration_7/Images/16-06-06_325.PNG;-29,471232;-29,515019;-29,515713;-29,508395;25,899593;26,076370;25,662063;NaN;9,523938;9,530556;9,518363;9,526973;2,150554;2,136710;2,169293;12,004219
16-06-06_825;C:\Users\au540322\Documents\Projects\Ice-Nucleation\Builds\Full Build\Data\Calibration_7/Images/16-06-06_825.PNG;-29,471314;-29,515442;-29,515852;-29,508770;25,899714;26,074347;25,668542;NaN;9,523948;9,530609;9,518381;9,527019;2,150545;2,136868;2,168780;12,004234
16-06-07_325;C:\Users\au540322\Documents\Projects\Ice-Nucleation\Builds\Full Build\Data\Calibration_7/Images/16-06-07_325.PNG;-29,471050;-29,515207;-29,516078;-29,508659;25,902992;26,073988;25,669723;NaN;9,523915;9,530579;9,518409;9,527006;2,150287;2,136896;2,168686;12,004210
16-06-07_825;C:\Users\au540322\Documents\Projects\Ice-Nucleation\Builds\Full Build\Data\Calibration_7/Images/16-06-07_825.PNG;-29,471290;-29,515110;-29,515929;-29,508539;25,907993;26,073912;25,664358;NaN;9,523945;9,530567;9,518390;9,526991;2,149894;2,136902;2,169111;12,004172
16-06-08_325;C:\Users\au540322\Documents\Projects\Ice-Nucleation\Builds\Full Build\Data\Calibration_7/Images/16-06-08_325.PNG;-29,471026;-29,515293;-29,515674;-29,508405;25,911446;26,073034;25,659610;NaN;9,523912;9,530590;9,518359;9,526974;2,149623;2,136970;2,169487;12,004234
16-06-08_825;C:\Users\au540322\Documents\Projects\Ice-Nucleation\Builds\Full Build\Data\Calibration_7/Images/16-06-08_825.PNG;-29,471088;-29,515125;-29,515737;-29,508395;25,914392;26,071195;25,654901;NaN;9,523920;9,530569;9,518366;9,526973;2,149392;2,137114;2,169860;12,004221
16-06-09_324;C:\Users\au540322\Documents\Projects\Ice-Nucleation\Builds\Full Build\Data\Calibration_7/Images/16-06-09_324.PNG;-29,471078;-29,515255;-29,515996;-29,508356;25,918575;26,068531;25,651531;NaN;9,523919;9,530585;9,518399;9,526968;2,149063;2,137322;2,170127;12,004198
16-06-09_825;C:\Users\au540322\Documents\Projects\Ice-Nucleation\Builds\Full Build\Data\Calibration_7/Images/16-06-09_825.PNG;-29,471376;-29,515490;-29,515506;-29,508842;25,923958;26,063623;25,648086;NaN;9,523956;9,530615;9,518338;9,527028;2,148641;2,137705;2,170400;12,004184
16-06-10_325;C:\Users\au540322\Documents\Projects\Ice-Nucleation\Builds\Full Build\Data\Calibration_7/Images/16-06-10_325.PNG;-29,470896;-29,515495;-29,516126;-29,508587;25,930482;26,058244;25,642672;NaN;9,523896;9,530615;9,518415;9,526997;2,148129;2,138125;2,170829;12,004236
16-06-10_825;C:\Users\au540322\Documents\Projects\Ice-Nucleation\Builds\Full Build\Data\Calibration_7/Images/16-06-10_825.PNG;-29,471371;-29,515394;-29,515362;-29,509077;25,930748;26,052370;25,633862;NaN;9,523955;9,530603;9,518320;9,527057;2,148108;2,138584;2,171528;12,004238
16-06-11_325;C:\Users\au540322\Documents\Projects\Ice-Nucleation\Builds\Full Build\Data\Calibration_7/Images/16-06-11_325.PNG;-29,470939;-29,515259;-29,515958;-29,508736;25,933201;26,048823;25,625324;NaN;9,523901;9,530586;9,518394;9,527015;2,147915;2,138862;2,172205;12,004179
16-06-11_826;C:\Users\au540322\Documents\Projects\Ice-Nucleation\Builds\Full Build\Data\Calibration_7/Images/16-06-11_826.PNG;-29,471266;-29,515774;-29,515972;-29,509005;25,927930;26,045772;25,619539;NaN;9,523942;9,530650;9,518396;9,527048;2,148329;2,139100;2,172664;12,004203
16-06-12_325;C:\Users\au540322\Documents\Projects\Ice-Nucleation\Builds\Full Build\Data\Calibration_7/Images/16-06-12_325.PNG;-29,470939;-29,515548;-29,515847;-29,508953;25,924140;26,044918;25,620936;NaN;9,523901;9,530622;9,518380;9,527042;2,148627;2,139167;2,172553;12,004234
16-06-12_826;C:\Users\au540322\Documents\Projects\Ice-Nucleation\Builds\Full Build\Data\Calibration_7/Images/16-06-12_826.PNG;-29,471126;-29,515476;-29,515838;-29,508549;25,921217;26,043751;25,621004;NaN;9,523925;9,530613;9,518379;9,526992;2,148856;2,139258;2,172548;12,004208
16-06-13_325;C:\Users\au540322\Documents\Projects\Ice-Nucleation\Builds\Full Build\Data\Calibration_7/Images/16-06-13_325.PNG;-29,471179;-29,515394;-29,515991;-29,508443;25,916806;26,042783;25,621680;NaN;9,523931;9,530603;9,518398;9,526979;2,149202;2,139334;2,172494;12,004221
16-06-13_825;C:\Users\au540322\Documents\Projects\Ice-Nucleation\Builds\Full Build\Data\Calibration_7/Images/16-06-13_825.PNG;-29,471261;-29,515490;-29,515838;-29,508606;25,914612;26,042539;25,623340;NaN;9,523941;9,530615;9,518379;9,526999;2,149375;2,139353;2,172362;12,004207
16-06-14_325;C:\Users\au540322\Documents\Projects\Ice-Nucleation\Builds\Full Build\Data\Calibration_7/Images/16-06-14_325.PNG;-29,471515;-29,515822;-29,516058;-29,508645;25,918992;26,041944;25,626955;NaN;9,523973;9,530656;9,518406;9,527004;2,149031;2,139399;2,172076;12,004219
16-06-14_825;C:\Users\au540322\Documents\Projects\Ice-Nucleation\Builds\Full Build\Data\Calibration_7/Images/16-06-14_825.PNG;-29,470906;-29,515495;-29,516116;-29,508760;25,921938;26,040792;25,625046;NaN;9,523897;9,530615;9,518414;9,527018;2,148799;2,139489;2,172227;12,004167
16-06-15_326;C:\Users\au540322\Documents\Projects\Ice-Nucleation\Builds\Full Build\Data\Calibration_7/Images/16-06-15_326.PNG;-29,471026;-29,515534;-29,515972;-29,508621;25,924011;26,039610;25,622266;NaN;9,523912;9,530620;9,518396;9,527001;2,148637;2,139582;2,172448;12,004205
16-06-15_826;C:\Users\au540322\Documents\Projects\Ice-Nucleation\Builds\Full Build\Data\Calibration_7/Images/16-06-15_826.PNG;-29,471438;-29,515529;-29,515742;-29,508654;25,928302;26,038497;25,620042;NaN;9,523963;9,530619;9,518367;9,527005;2,148300;2,139669;2,172624;12,004175
16-06-16_337;C:\Users\au540322\Documents\Projects\Ice-Nucleation\Builds\Full Build\Data\Calibration_7/Images/16-06-16_337.PNG;-29,470973;-29,515664;-29,515770;-29,508477;25,934470;26,037819;25,620004;NaN;9,523905;9,530636;9,518371;9,526983;2,147816;2,139722;2,172627;12,004190
16-06-16_825;C:\Users\au540322\Documents\Projects\Ice-Nucleation\Builds\Full Build\Data\Calibration_7/Images/16-06-16_825.PNG;-29,471318;-29,515442;-29,515588;-29,508972;25,939415;26,037704;25,621206;NaN;9,523948;9,530609;9,518348;9,527044;2,147428;2,139731;2,172532;12,004176
16-06-17_325;C:\Users\au540322\Documents\Projects\Ice-Nucleation\Builds\Full Build\Data\Calibration_7/Images/16-06-17_325.PNG;-29,471246;-29,515163;-29,515722;-29,508765;25,945114;26,037331;25,622709;NaN;9,523939;9,530574;9,518365;9,527019;2,146981;2,139760;2,172412;12,004190
16-06-17_825;C:\Users\au540322\Documents\Projects\Ice-Nucleation\Builds\Full Build\Data\Calibration_7/Images/16-06-17_825.PNG;-29,471203;-29,515418;-29,516092;-29,508799;25,948664;26,038352;25,627962;NaN;9,523934;9,530606;9,518411;9,527023;2,146703;2,139680;2,171996;12,004207
16-06-18_325;C:\Users\au540322\Documents\Projects\Ice-Nucleation\Builds\Full Build\Data\Calibration_7/Images/16-06-18_325.PNG;-29,471155;-29,515284;-29,516140;-29,508842;25,946308;26,037872;25,633102;NaN;9,523928;9,530589;9,518416;9,527028;2,146887;2,139717;2,171588;12,004244
16-06-18_825;C:\Users\au540322\Documents\Projects\Ice-Nucleation\Builds\Full Build\Data\Calibration_7/Images/16-06-18_825.PNG;-29,471304;-29,515519;-29,515770;-29,509222;25,942288;26,038894;25,636703;NaN;9,523947;9,530618;9,518371;9,527075;2,147203;2,139638;2,171303;12,004247
16-06-19_325;C:\Users\au540322\Documents\Projects\Ice-Nucleation\Builds\Full Build\Data\Calibration_7/Images/16-06-19_325.PNG;-29,471002;-29,515673;-29,516006;-29,508962;25,936255;26,039069;25,637387;NaN;9,523909;9,530637;9,518400;9,527043;2,147676;2,139624;2,171248;12,004212
16-06-19_826;C:\Users\au540322\Documents\Projects\Ice-Nucleation\Builds\Full Build\Data\Calibration_7/Images/16-06-19_826.PNG;-29,471117;-29,515346;-29,515694;-29,508366;25,928796;26,040442;25,639086;NaN;9,523923;9,530597;9,518361;9,526969;2,148261;2,139517;2,171114;12,004168
16-06-20_325;C:\Users\au540322\Documents\Projects\Ice-Nucleation\Builds\Full Build\Data\Calibration_7/Images/16-06-20_325.PNG;-29,471342;-29,515486;-29,515934;-29,508957;25,920450;26,040937;25,643868;NaN;9,523951;9,530614;9,518391;9,527042;2,148916;2,139478;2,170735;12,004205
16-06-20_825;C:\Users\au540322\Documents\Projects\Ice-Nucleation\Builds\Full Build\Data\Calibration_7/Images/16-06-20_825.PNG;-29,471371;-29,515635;-29,515545;-29,508765;25,912600;26,041364;25,651117;NaN;9,523955;9,530632;9,518343;9,527019;2,149533;2,139444;2,170160;12,004185
16-06-21_325;C:\Users\au540322\Documents\Projects\Ice-Nucleation\Builds\Full Build\Data\Calibration_7/Images/16-06-21_325.PNG;-29,470882;-29,515760;-29,515967;-29,508515;25,909222;26,043179;25,656510;NaN;9,523894;9,530648;9,518395;9,526988;2,149798;2,139303;2,169733;12,004154
16-06-21_825;C:\Users\au540322\Documents\Projects\Ice-Nucleation\Builds\Full Build\Data\Calibration_7/Images/16-06-21_825.PNG;-29,470934;-29,515168;-29,516121;-29,508630;25,914445;26,045757;25,660979;NaN;9,523901;9,530575;9,518414;9,527002;2,149388;2,139101;2,169379;12,004243
16-06-22_325;C:\Users\au540322\Documents\Projects\Ice-Nucleation\Builds\Full Build\Data\Calibration_7/Images/16-06-22_325.PNG;-29,471477;-29,515360;-29,515799;-29,508679;25,922166;26,047366;25,670709;NaN;9,523968;9,530598;9,518374;9,527008;2,148782;2,138975;2,168608;12,004237
16-06-22_825;C:\Users\au540322\Documents\Projects\Ice-Nucleation\Builds\Full Build\Data\Calibration_7/Images/16-06-22_825.PNG;-29,471203;-29,515505;-29,515655;-29,508491;25,925963;26,049204;25,679795;NaN;9,523934;9,530616;9,518356;9,526985;2,148484;2,138832;2,167888;12,004233
16-06-23_325;C:\Users\au540322\Documents\Projects\Ice-Nucleation\Builds\Full Build\Data\Calibration_7/Images/16-06-23_325.PNG;-29,470843;-29,515317;-29,516063;-29,508529;25,927991;26,051340;25,686812;NaN;9,523889;9,530593;9,518407;9,526989;2,148324;2,138665;2,167333;12,004200
16-06-23_825;C:\Users\au540322\Documents\Projects\Ice-Nucleation\Builds\Full Build\Data\Calibration_7/Images/16-06-23_825.PNG;-29,471362;-29,515909;-29,515809;-29,508568;25,934660;26,051729;25,693131;NaN;9,523954;9,530666;9,518375;9,526994;2,147801;2,138634;2,166833;12,004187
16-06-24_325;C:\Users\au540322\Documents\Projects\Ice-Nucleation\Builds\Full Build\Data\Calibration_7/Images/16-06-24_325.PNG;-29,471390;-29,515832;-29,515958;-29,508842;25,939104;26,051668;25,692205;NaN;9,523957;9,530657;9,518394;9,527028;2,147452;2,138639;2,166906;12,004206
16-06-24_826;C:\Users\au540322\Documents\Projects\Ice-Nucleation\Builds\Full Build\Data\Calibration_7/Images/16-06-24_826.PNG;-29,471275;-29,515596;-29,515689;-29,508794;25,944537;26,050966;25,688243;NaN;9,523943;9,530628;9,518360;9,527022;2,147026;2,138694;2,167220;12,004193
16-06-25_325;C:\Users\au540322\Documents\Projects\Ice-Nucleation\Builds\Full Build\Data\Calibration_7/Images/16-06-25_325.PNG;-29,471112;-29,515644;-29,515828;-29,508741;25,951225;26,051424;25,685359;NaN;9,523923;9,530634;9,518378;9,527016;2,146502;2,138658;2,167448;12,004185
16-06-25_825;C:\Users\au540322\Documents\Projects\Ice-Nucleation\Builds\Full Build\Data\Calibration_7/Images/16-06-25_825.PNG;-29,471093;-29,515356;-29,515962;-29,508789;25,957322;26,051401;25,682505;NaN;9,523920;9,530598;9,518394;9,527022;2,146024;2,138660;2,167674;12,004215
16-06-26_324;C:\Users\au540322\Documents\Projects\Ice-Nucleation\Builds\Full Build\Data\Calibration_7/Images/16-06-26_324.PNG;-29,471438;-29,515620;-29,516274;-29,508962;25,963366;26,050730;25,680066;NaN;9,523963;9,530631;9,518433;9,527043;2,145550;2,138713;2,167867;12,004241
16-06-26_825;C:\Users\au540322\Documents\Projects\Ice-Nucleation\Builds\Full Build\Data\Calibration_7/Images/16-06-26_825.PNG;-29,470987;-29,515312;-29,516130;-29,508376;25,967595;26,048929;25,676354;NaN;9,523907;9,530593;9,518415;9,526970;2,145218;2,138853;2,168161;12,004199
16-06-27_324;C:\Users\au540322\Documents\Projects\Ice-Nucleation\Builds\Full Build\Data\Calibration_7/Images/16-06-27_324.PNG;-29,471126;-29,515692;-29,516082;-29,509097;25,970097;26,049357;25,672749;NaN;9,523925;9,530640;9,518409;9,527060;2,145022;2,138820;2,168446;12,004203
16-06-27_824;C:\Users\au540322\Documents\Projects\Ice-Nucleation\Builds\Full Build\Data\Calibration_7/Images/16-06-27_824.PNG;-29,471395;-29,515462;-29,515977;-29,508741;25,973429;26,047824;25,667894;NaN;9,523958;9,530611;9,518396;9,527016;2,144761;2,138940;2,168831;12,004190
16-06-28_325;C:\Users\au540322\Documents\Projects\Ice-Nucleation\Builds\Full Build\Data\Calibration_7/Images/16-06-28_325.PNG;-29,471496;-29,515736;-29,515794;-29,508880;25,975764;26,046100;25,663108;NaN;9,523970;9,530645;9,518374;9,527033;2,144578;2,139074;2,169210;12,004217
16-06-28_826;C:\Users\au540322\Documents\Projects\Ice-Nucleation\Builds\Full Build\Data\Calibration_7/Images/16-06-28_826.PNG;-29,471453;-29,515625;-29,516414;-29,508967;25,976624;26,045108;25,658662;NaN;9,523965;9,530631;9,518450;9,527044;2,144511;2,139152;2,169562;12,004214
16-06-29_325;C:\Users\au540322\Documents\Projects\Ice-Nucleation\Builds\Full Build\Data\Calibration_7/Images/16-06-29_325.PNG;-29,471462;-29,515673;-29,515967;-29,508818;25,977537;26,044819;25,655683;NaN;9,523966;9,530637;9,518395;9,527025;2,144439;2,139174;2,169798;12,004249
16-06-29_825;C:\Users\au540322\Documents\Projects\Ice-Nucleation\Builds\Full Build\Data\Calibration_7/Images/16-06-29_825.PNG;-29,471376;-29,515620;-29,516020;-29,508900;25,980656;26,044224;25,652351;NaN;9,523956;9,530631;9,518402;9,527035;2,144195;2,139221;2,170062;12,004213
16-06-30_324;C:\Users\au540322\Documents\Projects\Ice-Nucleation\Builds\Full Build\Data\Calibration_7/Images/16-06-30_324.PNG;-29,470968;-29,515707;-29,516097;-29,508938;25,984476;26,043926;25,649320;NaN;9,523905;9,530641;9,518411;9,527040;2,143896;2,139244;2,170302;12,004249
16-06-30_824;C:\Users\au540322\Documents\Projects\Ice-Nucleation\Builds\Full Build\Data\Calibration_7/Images/16-06-30_824.PNG;-29,471674;-29,515365;-29,515938;-29,509087;25,989606;26,042592;25,647282;NaN;9,523993;9,530599;9,518391;9,527059;2,143494;2,139349;2,170464;12,004197
16-06-31_324;C:\Users\au540322\Documents\Projects\Ice-Nucleation\Builds\Full Build\Data\Calibration_7/Images/16-06-31_324.PNG;-29,471414;-29,515741;-29,516106;-29,509255;25,995840;26,043034;25,647598;NaN;9,523960;9,530646;9,518412;9,527079;2,143006;2,139314;2,170439;12,004201
16-06-31_825;C:\Users\au540322\Documents\Projects\Ice-Nucleation\Builds\Full Build\Data\Calibration_7/Images/16-06-31_825.PNG;-29,471146;-29,515452;-29,515986;-29,508640;26,002830;26,043019;25,648560;NaN;9,523927;9,530610;9,518397;9,527003;2,142459;2,139315;2,170363;12,004224
16-06-32_325;C:\Users\au540322\Documents\Projects\Ice-Nucleation\Builds\Full Build\Data\Calibration_7/Images/16-06-32_325.PNG;-29,471131;-29,515514;-29,515631;-29,509188;26,010651;26,043103;25,645823;NaN;9,523925;9,530618;9,518353;9,527071;2,141847;2,139309;2,170580;12,004212
16-06-32_825;C:\Users\au540322\Documents\Projects\Ice-Nucleation\Builds\Full Build\Data\Calibration_7/Images/16-06-32_825.PNG;-29,471026;-29,515822;-29,516164;-29,508900;26,011999;26,042836;25,642943;NaN;9,523912;9,530656;9,518419;9,527035;2,141741;2,139329;2,170808;12,004188
16-06-33_324;C:\Users\au540322\Documents\Projects\Ice-Nucleation\Builds\Full Build\Data\Calibration_7/Images/16-06-33_324.PNG;-29,471112;-29,515827;-29,515694;-29,508775;26,010476;26,041593;25,641966;NaN;9,523923;9,530656;9,518361;9,527020;2,141860;2,139427;2,170885;12,004175
16-06-33_825;C:\Users\au540322\Documents\Projects\Ice-Nucleation\Builds\Full Build\Data\Calibration_7/Images/16-06-33_825.PNG;-29,471016;-29,515563;-29,516039;-29,508789;26,007216;26,041158;25,636117;NaN;9,523911;9,530624;9,518404;9,527022;2,142115;2,139461;2,171349;12,004217
16-06-34_325;C:\Users\au540322\Documents\Projects\Ice-Nucleation\Builds\Full Build\Data\Calibration_7/Images/16-06-34_325.PNG;-29,471270;-29,515890;-29,515732;-29,508453;26,007292;26,041593;25,629840;NaN;9,523942;9,530664;9,518366;9,526980;2,142109;2,139427;2,171847;12,004209
16-06-34_825;C:\Users\au540322\Documents\Projects\Ice-Nucleation\Builds\Full Build\Data\Calibration_7/Images/16-06-34_825.PNG;-29,471112;-29,515635;-29,515986;-29,508693;26,009006;26,042447;25,625542;NaN;9,523923;9,530632;9,518397;9,527010;2,141975;2,139360;2,172188;12,004219
16-06-35_325;C:\Users\au540322\Documents\Projects\Ice-Nucleation\Builds\Full Build\Data\Calibration_7/Images/16-06-35_325.PNG;-29,470987;-29,515952;-29,515646;-29,508741;26,009585;26,043149;25,623949;NaN;9,523907;9,530672;9,518355;9,527016;2,141930;2,139305;2,172314;12,004207
16-06-35_824;C:\Users\au540322\Documents\Projects\Ice-Nucleation\Builds\Full Build\Data\Calibration_7/Images/16-06-35_824.PNG;-29,470963;-29,515524;-29,515684;-29,508914;26,002365;26,041997;25,629585;NaN;9,523904;9,530619;9,518360;9,527037;2,142495;2,139395;2,171867;12,004179
16-06-36_325;C:\Users\au540322\Documents\Projects\Ice-Nucleation\Builds\Full Build\Data\Calibration_7/Images/16-06-36_325.PNG;-29,470954;-29,515904;-29,516044;-29,508904;25,993549;26,041303;25,634899;NaN;9,523903;9,530666;9,518405;9,527036;2,143185;2,139449;2,171446;12,004187
16-06-36_826;C:\Users\au540322\Documents\Projects\Ice-Nucleation\Builds\Full Build\Data\Calibration_7/Images/16-06-36_826.PNG;-29,471453;-29,515750;-29,516106;-29,509227;25,993077;26,040564;25,634944;NaN;9,523965;9,530647;9,518412;9,527076;2,143222;2,139507;2,171442;12,004193
16-06-37_324;C:\Users\au540322\Documents\Projects\Ice-Nucleation\Builds\Full Build\Data\Calibration_7/Images/16-06-37_324.PNG;-29,471328;-29,515707;-29,516145;-29,509087;25,996716;26,039000;25,630675;NaN;9,523950;9,530641;9,518417;9,527059;2,142937;2,139629;2,171781;12,004222
16-06-37_824;C:\Users\au540322\Documents\Projects\Ice-Nucleation\Builds\Full Build\Data\Calibration_7/Images/16-06-37_824.PNG;-29,471712;-29,515856;-29,515886;-29,508770;25,999929;26,038878;25,625106;NaN;9,523997;9,530660;9,518385;9,527019;2,142686;2,139639;2,172222;12,004221
16-06-38_325;C:\Users\au540322\Documents\Projects\Ice-Nucleation\Builds\Full Build\Data\Calibration_7/Images/16-06-38_325.PNG;-29,471083;-29,515875;-29,515919;-29,509053;25,993282;26,038154;25,620012;NaN;9,523919;9,530662;9,518389;9,527054;2,143206;2,139695;2,172626;12,004193
16-06-38_826;C:\Users\au540322\Documents\Projects\Ice-Nucleation\Builds\Full Build\Data\Calibration_7/Images/16-06-38_826.PNG;-29,471150;-29,515697;-29,515967;-29,509212;25,985534;26,035730;25,617398;NaN;9,523928;9,530640;9,518395;9,527074;2,143813;2,139885;2,172834;12,004191
16-06-39_325;C:\Users\au540322\Documents\Projects\Ice-Nucleation\Builds\Full Build\Data\Calibration_7/Images/16-06-39_325.PNG;-29,471443;-29,515534;-29,516356;-29,508529;25,980938;26,033473;25,616669;NaN;9,523964;9,530620;9,518443;9,526989;2,144173;2,140061;2,172892;12,004209
16-06-39_824;C:\Users\au540322\Documents\Projects\Ice-Nucleation\Builds\Full Build\Data\Calibration_7/Images/16-06-39_824.PNG;-29,471122;-29,515779;-29,516068;-29,508895;25,975985;26,032955;25,617540;NaN;9,523924;9,530650;9,518408;9,527035;2,144561;2,140102;2,172822;12,004196
16-06-40_325;C:\Users\au540322\Documents\Projects\Ice-Nucleation\Builds\Full Build\Data\Calibration_7/Images/16-06-40_325.PNG;-29,471376;-29,515250;-29,515866;-29,508703;25,977643;26,032612;25,619373;NaN;9,523956;9,530585;9,518383;9,527011;2,144431;2,140129;2,172677;12,004214
16-06-40_825;C:\Users\au540322\Documents\Projects\Ice-Nucleation\Builds\Full Build\Data\Calibration_7/Images/16-06-40_825.PNG;-29,471126;-29,515490;-29,515876;-29,508895;25,982977;26,032741;25,620049;NaN;9,523925;9,530615;9,518384;9,527035;2,144013;2,140119;2,172623;12,004220
16-06-41_325;C:\Users\au540322\Documents\Projects\Ice-Nucleation\Builds\Full Build\Data\Calibration_7/Images/16-06-41_325.PNG;-29,471472;-29,515356;-29,515770;-29,508924;25,988738;26,033443;25,622131;NaN;9,523967;9,530598;9,518371;9,527038;2,143562;2,140064;2,172458;12,004215
16-06-41_825;C:\Users\au540322\Documents\Projects\Ice-Nucleation\Builds\Full Build\Data\Calibration_7/Images/16-06-41_825.PNG;-29,471227;-29,515683;-29,515842;-29,508549;25,993564;26,032398;25,621206;NaN;9,523937;9,530638;9,518380;9,526992;2,143184;2,140145;2,172532;12,004179
16-06-42_326;C:\Users\au540322\Documents\Projects\Ice-Nucleation\Builds\Full Build\Data\Calibration_7/Images/16-06-42_326.PNG;-29,471213;-29,516024;-29,516246;-29,508895;25,994904;26,029791;25,622777;NaN;9,523935;9,530681;9,518430;9,527035;2,143079;2,140349;2,172407;12,004148
16-06-42_825;C:\Users\au540322\Documents\Projects\Ice-Nucleation\Builds\Full Build\Data\Calibration_7/Images/16-06-42_825.PNG;-29,471318;-29,515721;-29,516049;-29,508799;25,995475;26,027368;25,626143;NaN;9,523948;9,530643;9,518405;9,527023;2,143034;2,140539;2,172140;12,004230
16-06-43_325;C:\Users\au540322\Documents\Projects\Ice-Nucleation\Builds\Full Build\Data\Calibration_7/Images/16-06-43_325.PNG;-29,471035;-29,515712;-29,516332;-29,508832;25,995634;26,024091;25,624317;NaN;9,523913;9,530642;9,518440;9,527027;2,143022;2,140795;2,172285;12,004170
16-06-43_824;C:\Users\au540322\Documents\Projects\Ice-Nucleation\Builds\Full Build\Data\Calibration_7/Images/16-06-43_824.PNG;-29,471131;-29,515933;-29,515828;-29,508986;25,996457;26,023443;25,621597;NaN;9,523925;9,530669;9,518378;9,527046;2,142958;2,140846;2,172501;12,004177
16-06-44_325;C:\Users\au540322\Documents\Projects\Ice-Nucleation\Builds\Full Build\Data\Calibration_7/Images/16-06-44_325.PNG;-29,471328;-29,515832;-29,515991;-29,508736;25,994348;26,023832;25,617014;NaN;9,523950;9,530657;9,518398;9,527015;2,143123;2,140815;2,172864;12,004173
16-06-44_825;C:\Users\au540322\Documents\Projects\Ice-Nucleation\Builds\Full Build\Data\Calibration_7/Images/16-06-44_825.PNG;-29,471170;-29,515774;-29,516044;-29,509053;25,981181;26,024167;25,611937;NaN;9,523930;9,530650;9,518405;9,527054;2,144154;2,140789;2,173267;12,004213
16-06-45_325;C:\Users\au540322\Documents\Projects\Ice-Nucleation\Builds\Full Build\Data\Calibration_7/Images/16-06-45_325.PNG;-29,471016;-29,515817;-29,516082;-29,509231;25,968530;26,025264;25,608339;NaN;9,523911;9,530655;9,518409;9,527076;2,145145;2,140703;2,173553;12,004220
16-06-45_824;C:\Users\au540322\Documents\Projects\Ice-Nucleation\Builds\Full Build\Data\Calibration_7/Images/16-06-45_824.PNG;-29,471410;-29,515933;-29,516006;-29,508650;25,955900;26,026446;25,605553;NaN;9,523960;9,530669;9,518400;9,527004;2,146135;2,140611;2,173774;12,004238
16-06-46_325;C:\Users\au540322\Documents\Projects\Ice-Nucleation\Builds\Full Build\Data\Calibration_7/Images/16-06-46_325.PNG;-29,471059;-29,515596;-29,515958;-29,508900;25,947410;26,028999;25,607025;NaN;9,523916;9,530628;9,518394;9,527035;2,146801;2,140411;2,173657;12,004166
16-06-46_825;C:\Users\au540322\Documents\Projects\Ice-Nucleation\Builds\Full Build\Data\Calibration_7/Images/16-06-46_825.PNG;-29,470906;-29,515880;-29,516294;-29,508717;25,943534;26,029883;25,614055;NaN;9,523897;9,530663;9,518436;9,527013;2,147105;2,140342;2,173099;12,004227
16-06-47_325;C:\Users\au540322\Documents\Projects\Ice-Nucleation\Builds\Full Build\Data\Calibration_7/Images/16-06-47_325.PNG;-29,471002;-29,515721;-29,515425;-29,508972;25,939446;26,028724;25,624107;NaN;9,523909;9,530643;9,518328;9,527044;2,147426;2,140433;2,172302;12,004137
16-06-47_825;C:\Users\au540322\Documents\Projects\Ice-Nucleation\Builds\Full Build\Data\Calibration_7/Images/16-06-47_825.PNG;-29,471573;-29,515697;-29,516111;-29,508659;25,942865;26,028115;25,630742;NaN;9,523980;9,530640;9,518413;9,527006;2,147157;2,140480;2,171775;12,004185
16-06-48_325;C:\Users\au540322\Documents\Projects\Ice-Nucleation\Builds\Full Build\Data\Calibration_7/Images/16-06-48_325.PNG;-29,471170;-29,515683;-29,516082;-29,508813;25,946954;26,027452;25,639951;NaN;9,523930;9,530638;9,518409;9,527025;2,146837;2,140532;2,171045;12,004199
16-06-48_825;C:\Users\au540322\Documents\Projects\Ice-Nucleation\Builds\Full Build\Data\Calibration_7/Images/16-06-48_825.PNG;-29,471035;-29,516000;-29,516006;-29,508409;25,947455;26,025424;25,648508;NaN;9,523913;9,530678;9,518400;9,526975;2,146797;2,140691;2,170367;12,004150
16-06-49_326;C:\Users\au540322\Documents\Projects\Ice-Nucleation\Builds\Full Build\Data\Calibration_7/Images/16-06-49_326.PNG;-29,471338;-29,515659;-29,516169;-29,509077;25,946353;26,024197;25,656292;NaN;9,523951;9,530635;9,518420;9,527057;2,146884;2,140787;2,169750;12,004200
16-06-49_825;C:\Users\au540322\Documents\Projects\Ice-Nucleation\Builds\Full Build\Data\Calibration_7/Images/16-06-49_825.PNG;-29,471602;-29,515779;-29,516375;-29,509025;25,949887;26,024327;25,660355;NaN;9,523984;9,530650;9,518446;9,527051;2,146607;2,140777;2,169428;12,004167
16-06-50_325;C:\Users\au540322\Documents\Projects\Ice-Nucleation\Builds\Full Build\Data\Calibration_7/Images/16-06-50_325.PNG;-29,471150;-29,515971;-29,516255;-29,508871;25,957390;26,022833;25,665908;NaN;9,523928;9,530674;9,518431;9,527032;2,146018;2,140893;2,168988;12,004258
16-06-50_825;C:\Users\au540322\Documents\Projects\Ice-Nucleation\Builds\Full Build\Data\Calibration_7/Images/16-06-50_825.PNG;-29,471467;-29,515615;-29,516346;-29,508914;25,968348;26,020197;25,672847;NaN;9,523967;9,530630;9,518442;9,527037;2,145159;2,141100;2,168439;12,004199
16-06-51_325;C:\Users\au540322\Documents\Projects\Ice-Nucleation\Builds\Full Build\Data\Calibration_7/Images/16-06-51_325.PNG;-29,471347;-29,515890;-29,515967;-29,508962;25,975741;26,017690;25,672847;NaN;9,523952;9,530664;9,518395;9,527043;2,144580;2,141296;2,168439;12,004210
16-06-51_825;C:\Users\au540322\Documents\Projects\Ice-Nucleation\Builds\Full Build\Data\Calibration_7/Images/16-06-51_825.PNG;-29,471083;-29,515846;-29,516342;-29,508779;25,980025;26,015024;25,668978;NaN;9,523919;9,530659;9,518442;9,527020;2,144244;2,141504;2,168745;12,004187
16-06-52_325;C:\Users\au540322\Documents\Projects\Ice-Nucleation\Builds\Full Build\Data\Calibration_7/Images/16-06-52_325.PNG;-29,471381;-29,515765;-29,515996;-29,509068;25,982254;26,013637;25,665223;NaN;9,523956;9,530649;9,518399;9,527056;2,144070;2,141613;2,169042;12,004193
16-06-52_826;C:\Users\au540322\Documents\Projects\Ice-Nucleation\Builds\Full Build\Data\Calibration_7/Images/16-06-52_826.PNG;-29,471309;-29,515707;-29,516452;-29,508698;25,986965;26,012380;25,663718;NaN;9,523947;9,530641;9,518455;9,527010;2,143701;2,141711;2,169162;12,004196
16-06-53_325;C:\Users\au540322\Documents\Projects\Ice-Nucleation\Builds\Full Build\Data\Calibration_7/Images/16-06-53_325.PNG;-29,471530;-29,516039;-29,516159;-29,509097;25,992734;26,013195;25,664696;NaN;9,523975;9,530683;9,518419;9,527060;2,143249;2,141647;2,169084;12,004166
16-06-53_825;C:\Users\au540322\Documents\Projects\Ice-Nucleation\Builds\Full Build\Data\Calibration_7/Images/16-06-53_825.PNG;-29,471098;-29,515563;-29,516346;-29,508933;25,993960;26,014528;25,665471;NaN;9,523921;9,530624;9,518442;9,527039;2,143153;2,141543;2,169023;12,004189
16-06-54_325;C:\Users\au540322\Documents\Projects\Ice-Nucleation\Builds\Full Build\Data\Calibration_7/Images/16-06-54_325.PNG;-29,471438;-29,515726;-29,516308;-29,509241;25,994211;26,014757;25,665682;NaN;9,523963;9,530644;9,518437;9,527078;2,143133;2,141525;2,169006;12,004187
16-06-54_824;C:\Users\au540322\Documents\Projects\Ice-Nucleation\Builds\Full Build\Data\Calibration_7/Images/16-06-54_824.PNG;-29,471026;-29,515370;-29,516658;-29,508880;25,997599;26,014452;25,666051;NaN;9,523912;9,530600;9,518481;9,527033;2,142868;2,141549;2,168977;12,004218
16-06-55_325;C:\Users\au540322\Documents\Projects\Ice-Nucleation\Builds\Full Build\Data\Calibration_7/Images/16-06-55_325.PNG;-29,471078;-29,515635;-29,516289;-29,508813;26,003302;26,014407;25,663665;NaN;9,523919;9,530632;9,518435;9,527025;2,142422;2,141553;2,169166;12,004187
16-06-55_824;C:\Users\au540322\Documents\Projects\Ice-Nucleation\Builds\Full Build\Data\Calibration_7/Images/16-06-55_824.PNG;-29,471414;-29,515664;-29,515991;-29,509029;26,007445;26,014742;25,662394;NaN;9,523960;9,530636;9,518398;9,527051;2,142097;2,141526;2,169266;12,004205
16-06-56_325;C:\Users\au540322\Documents\Projects\Ice-Nucleation\Builds\Full Build\Data\Calibration_7/Images/16-06-56_325.PNG;-29,471083;-29,515582;-29,515929;-29,508731;26,010545;26,015839;25,660009;NaN;9,523919;9,530626;9,518390;9,527014;2,141855;2,141441;2,169455;12,004176
16-06-56_825;C:\Users\au540322\Documents\Projects\Ice-Nucleation\Builds\Full Build\Data\Calibration_7/Images/16-06-56_825.PNG;-29,471280;-29,516058;-29,516183;-29,508991;26,014201;26,017446;25,657646;NaN;9,523944;9,530685;9,518422;9,527047;2,141569;2,141315;2,169643;12,004170
16-06-57_325;C:\Users\au540322\Documents\Projects\Ice-Nucleation\Builds\Full Build\Data\Calibration_7/Images/16-06-57_325.PNG;-29,471098;-29,515890;-29,516342;-29,508534;26,018559;26,018079;25,656969;NaN;9,523921;9,530664;9,518442;9,526990;2,141228;2,141265;2,169696;12,004187
16-06-57_825;C:\Users\au540322\Documents\Projects\Ice-Nucleation\Builds\Full Build\Data\Calibration_7/Images/16-06-57_825.PNG;-29,471458;-29,515952;-29,516351;-29,509549;26,023207;26,018521;25,651869;NaN;9,523966;9,530672;9,518443;9,527116;2,140864;2,141231;2,170100;12,004180
16-06-58_325;C:\Users\au540322\Documents\Projects\Ice-Nucleation\Builds\Full Build\Data\Calibration_7/Images/16-06-58_325.PNG;-29,471285;-29,515789;-29,516308;-29,509130;26,029281;26,016745;25,645071;NaN;9,523944;9,530652;9,518437;9,527064;2,140389;2,141370;2,170639;12,004222
16-06-58_825;C:\Users\au540322\Documents\Projects\Ice-Nucleation\Builds\Full Build\Data\Calibration_7/Images/16-06-58_825.PNG;-29,471323;-29,516092;-29,515996;-29,509073;26,036896;26,014513;25,639597;NaN;9,523949;9,530689;9,518399;9,527057;2,139794;2,141544;2,171073;12,004162
16-06-59_325;C:\Users\au540322\Documents\Projects\Ice-Nucleation\Builds\Full Build\Data\Calibration_7/Images/16-06-59_325.PNG;-29,471410;-29,515649;-29,516087;-29,509279;26,040449;26,013332;25,634974;NaN;9,523960;9,530634;9,518410;9,527082;2,139516;2,141637;2,171440;12,004230
16-06-59_825;C:\Users\au540322\Documents\Projects\Ice-Nucleation\Builds\Full Build\Data\Calibration_7/Images/16-06-59_825.PNG;-29,471333;-29,515919;-29,516126;-29,508928;26,042363;26,012784;25,629901;NaN;9,523950;9,530668;9,518415;9,527039;2,139366;2,141680;2,171842;12,004181
16-07-00_324;C:\Users\au540322\Documents\Projects\Ice-Nucleation\Builds\Full Build\Data\Calibration_7/Images/16-07-00_324.PNG;-29,471458;-29,515741;-29,516121;-29,508919;26,045505;26,012274;25,625211;NaN;9,523966;9,530646;9,518414;9,527038;2,139121;2,141720;2,172214;12,004213
16-07-00_825;C:\Users\au540322\Documents\Projects\Ice-Nucleation\Builds\Full Build\Data\Calibration_7/Images/16-07-00_825.PNG;-29,471592;-29,515572;-29,516337;-29,508948;26,047244;26,011428;25,622642;NaN;9,523982;9,530625;9,518441;9,527041;2,138985;2,141786;2,172418;12,004187
16-07-01_324;C:\Users\au540322\Documents\Projects\Ice-Nucleation\Builds\Full Build\Data\Calibration_7/Images/16-07-01_324.PNG;-29,471885;-29,515428;-29,515943;-29,508991;26,046115;26,012792;25,619764;NaN;9,524019;9,530607;9,518392;9,527047;2,139073;2,141679;2,172646;12,004219
16-07-01_824;C:\Users\au540322\Documents\Projects\Ice-Nucleation\Builds\Full Build\Data\Calibration_7/Images/16-07-01_824.PNG;-29,471318;-29,516034;-29,515958;-29,509068;26,041601;26,014727;25,614663;NaN;9,523948;9,530682;9,518394;9,527056;2,139426;2,141528;2,173051;12,004254
16-07-02_325;C:\Users\au540322\Documents\Projects\Ice-Nucleation\Builds\Full Build\Data\Calibration_7/Images/16-07-02_325.PNG;-29,471050;-29,516029;-29,516202;-29,509029;26,042851;26,016928;25,609616;NaN;9,523915;9,530681;9,518424;9,527051;2,139328;2,141355;2,173451;12,004226
16-07-02_824;C:\Users\au540322\Documents\Projects\Ice-Nucleation\Builds\Full Build\Data\Calibration_7/Images/16-07-02_824.PNG;-29,471544;-29,516106;-29,516231;-29,509332;26,047122;26,017111;25,604104;NaN;9,523976;9,530691;9,518428;9,527089;2,138994;2,141341;2,173889;12,004243
16-07-03_325;C:\Users\au540322\Documents\Projects\Ice-Nucleation\Builds\Full Build\Data\Calibration_7/Images/16-07-03_325.PNG;-29,471198;-29,515765;-29,516126;-29,509001;26,047808;26,015168;25,599772;NaN;9,523934;9,530649;9,518415;9,527048;2,138941;2,141493;2,174233;12,004236
16-07-03_825;C:\Users\au540322\Documents\Projects\Ice-Nucleation\Builds\Full Build\Data\Calibration_7/Images/16-07-03_825.PNG;-29,471390;-29,515837;-29,516236;-29,509380;26,042256;26,013820;25,595958;NaN;9,523957;9,530658;9,518428;9,527095;2,139375;2,141599;2,174536;12,004198
16-07-04_325;C:\Users\au540322\Documents\Projects\Ice-Nucleation\Builds\Full Build\Data\Calibration_7/Images/16-07-04_325.PNG;-29,471117;-29,515808;-29,516495;-29,509077;26,044651;26,015054;25,593841;NaN;9,523923;9,530654;9,518461;9,527057;2,139188;2,141502;2,174704;12,004235
16-07-04_824;C:\Users\au540322\Documents\Projects\Ice-Nucleation\Builds\Full Build\Data\Calibration_7/Images/16-07-04_824.PNG;-29,470901;-29,515880;-29,516294;-29,508736;26,049440;26,016943;25,588595;NaN;9,523897;9,530663;9,518436;9,527015;2,138813;2,141354;2,175120;12,004203
16-07-05_325;C:\Users\au540322\Documents\Projects\Ice-Nucleation\Builds\Full Build\Data\Calibration_7/Images/16-07-05_325.PNG;-29,471419;-29,515822;-29,515910;-29,509034;26,054879;26,018422;25,581632;NaN;9,523961;9,530656;9,518388;9,527052;2,138388;2,141239;2,175673;12,004215
16-07-05_824;C:\Users\au540322\Documents\Projects\Ice-Nucleation\Builds\Full Build\Data\Calibration_7/Images/16-07-05_824.PNG;-29,471141;-29,515567;-29,516202;-29,509106;26,052667;26,020334;25,577611;NaN;9,523926;9,530624;9,518424;9,527061;2,138561;2,141089;2,175993;12,004216
16-07-06_324;C:\Users\au540322\Documents\Projects\Ice-Nucleation\Builds\Full Build\Data\Calibration_7/Images/16-07-06_324.PNG;-29,471400;-29,515798;-29,516366;-29,508481;26,047450;26,022353;25,576793;NaN;9,523959;9,530653;9,518445;9,526983;2,138969;2,140931;2,176058;12,004169
16-07-06_825;C:\Users\au540322\Documents\Projects\Ice-Nucleation\Builds\Full Build\Data\Calibration_7/Images/16-07-06_825.PNG;-29,471136;-29,515476;-29,516231;-29,509111;26,049463;26,023633;25,580701;NaN;9,523926;9,530613;9,518428;9,527062;2,138811;2,140831;2,175747;12,004165
16-07-07_325;C:\Users\au540322\Documents\Projects\Ice-Nucleation\Builds\Full Build\Data\Calibration_7/Images/16-07-07_325.PNG;-29,471069;-29,516020;-29,515862;-29,508640;26,049738;26,026346;25,583117;NaN;9,523917;9,530680;9,518382;9,527003;2,138790;2,140619;2,175555;12,004200
16-07-07_825;C:\Users\au540322\Documents\Projects\Ice-Nucleation\Builds\Full Build\Data\Calibration_7/Images/16-07-07_825.PNG;-29,471304;-29,515952;-29,516164;-29,508991;26,050615;26,029936;25,583470;NaN;9,523947;9,530672;9,518419;9,527047;2,138721;2,140338;2,175527;12,004166
16-07-08_325;C:\Users\au540322\Documents\Projects\Ice-Nucleation\Builds\Full Build\Data\Calibration_7/Images/16-07-08_325.PNG;-29,471347;-29,515750;-29,516442;-29,509289;26,051797;26,033252;25,582277;NaN;9,523952;9,530647;9,518454;9,527084;2,138629;2,140079;2,175622;12,004217
16-07-08_825;C:\Users\au540322\Documents\Projects\Ice-Nucleation\Builds\Full Build\Data\Calibration_7/Images/16-07-08_825.PNG;-29,471174;-29,515991;-29,516255;-29,508914;26,053659;26,035745;25,585804;NaN;9,523931;9,530677;9,518431;9,527037;2,138484;2,139884;2,175342;12,004271
16-07-09_326;C:\Users\au540322\Documents\Projects\Ice-Nucleation\Builds\Full Build\Data\Calibration_7/Images/16-07-09_326.PNG;-29,471174;-29,515861;-29,516505;-29,508904;26,055413;26,037476;25,588955;NaN;9,523931;9,530660;9,518462;9,527036;2,138347;2,139748;2,175092;12,004229
16-07-09_825;C:\Users\au540322\Documents\Projects\Ice-Nucleation\Builds\Full Build\Data\Calibration_7/Images/16-07-09_825.PNG;-29,471626;-29,515909;-29,516409;-29,508967;26,047953;26,039305;25,588520;NaN;9,523987;9,530666;9,518450;9,527044;2,138929;2,139605;2,175126;12,004188
16-07-10_326;C:\Users\au540322\Documents\Projects\Ice-Nucleation\Builds\Full Build\Data\Calibration_7/Images/16-07-10_326.PNG;-29,471784;-29,515716;-29,516572;-29,509102;26,042828;26,039153;25,586622;NaN;9,524006;9,530643;9,518470;9,527060;2,139330;2,139617;2,175277;12,004208
16-07-10_826;C:\Users\au540322\Documents\Projects\Ice-Nucleation\Builds\Full Build\Data\Calibration_7/Images/16-07-10_826.PNG;-29,471400;-29,515611;-29,516226;-29,508803;26,043774;26,039405;25,585263;NaN;9,523959;9,530629;9,518427;9,527023;2,139256;2,139598;2,175385;12,004182
16-07-11_325;C:\Users\au540322\Documents\Projects\Ice-Nucleation\Builds\Full Build\Data\Calibration_7/Images/16-07-11_325.PNG;-29,471294;-29,515885;-29,516126;-29,509169;26,044582;26,041059;25,582277;NaN;9,523945;9,530663;9,518415;9,527069;2,139193;2,139468;2,175622;12,004223
16-07-11_825;C:\Users\au540322\Documents\Projects\Ice-Nucleation\Builds\Full Build\Data\Calibration_7/Images/16-07-11_825.PNG;-29,471050;-29,515683;-29,516044;-29,509121;26,045047;26,042478;25,578203;NaN;9,523915;9,530638;9,518405;9,527063;2,139157;2,139357;2,175946;12,004234
16-07-12_325;C:\Users\au540322\Documents\Projects\Ice-Nucleation\Builds\Full Build\Data\Calibration_7/Images/16-07-12_325.PNG;-29,471472;-29,515798;-29,516270;-29,509063;26,042737;26,044117;25,571970;NaN;9,523967;9,530653;9,518433;9,527056;2,139337;2,139229;2,176441;12,004214
16-07-12_825;C:\Users\au540322\Documents\Projects\Ice-Nucleation\Builds\Full Build\Data\Calibration_7/Images/16-07-12_825.PNG;-29,471606;-29,515514;-29,516063;-29,509159;26,039077;26,044018;25,565903;NaN;9,523984;9,530618;9,518407;9,527068;2,139623;2,139237;2,176923;12,004187
16-07-13_326;C:\Users\au540322\Documents\Projects\Ice-Nucleation\Builds\Full Build\Data\Calibration_7/Images/16-07-13_326.PNG;-29,471491;-29,515870;-29,516150;-29,508957;26,036797;26,040792;25,561374;NaN;9,523970;9,530662;9,518418;9,527042;2,139802;2,139489;2,177283;12,004197
16-07-13_825;C:\Users\au540322\Documents\Projects\Ice-Nucleation\Builds\Full Build\Data\Calibration_7/Images/16-07-13_825.PNG;-29,471482;-29,515644;-29,515934;-29,508775;26,035981;26,037011;25,556838;NaN;9,523969;9,530634;9,518391;9,527020;2,139865;2,139785;2,177644;12,004176
16-07-14_324;C:\Users\au540322\Documents\Projects\Ice-Nucleation\Builds\Full Build\Data\Calibration_7/Images/16-07-14_324.PNG;-29,471328;-29,515957;-29,516452;-29,508953;26,034213;26,034823;25,551029;NaN;9,523950;9,530672;9,518455;9,527042;2,140004;2,139956;2,178106;12,004220
16-07-14_825;C:\Users\au540322\Documents\Projects\Ice-Nucleation\Builds\Full Build\Data\Calibration_7/Images/16-07-14_825.PNG;-29,471328;-29,515538;-29,515996;-29,508953;26,026019;26,031651;25,546421;NaN;9,523950;9,530621;9,518399;9,527042;2,140644;2,140204;2,178472;12,004219
16-07-15_325;C:\Users\au540322\Documents\Projects\Ice-Nucleation\Builds\Full Build\Data\Calibration_7/Images/16-07-15_325.PNG;-29,471270;-29,515702;-29,516207;-29,509126;26,018825;26,029624;25,545679;NaN;9,523942;9,530641;9,518425;9,527063;2,141207;2,140362;2,178531;12,004186
16-07-15_824;C:\Users\au540322\Documents\Projects\Ice-Nucleation\Builds\Full Build\Data\Calibration_7/Images/16-07-15_824.PNG;-29,471285;-29,515971;-29,516207;-29,508828;26,016441;26,025790;25,551921;NaN;9,523944;9,530674;9,518425;9,527026;2,141394;2,140662;2,178035;12,004205
16-07-16_324;C:\Users\au540322\Documents\Projects\Ice-Nucleation\Builds\Full Build\Data\Calibration_7/Images/16-07-16_324.PNG;-29,471362;-29,515664;-29,516044;-29,509135;26,014818;26,024319;25,555774;NaN;9,523954;9,530636;9,518405;9,527065;2,141521;2,140777;2,177729;12,004222
16-07-16_824;C:\Users\au540322\Documents\Projects\Ice-Nucleation\Builds\Full Build\Data\Calibration_7/Images/16-07-16_824.PNG;-29,471664;-29,515625;-29,516039;-29,509198;26,013081;26,024571;25,563346;NaN;9,523991;9,530631;9,518404;9,527072;2,141656;2,140758;2,177127;12,004240
16-07-17_325;C:\Users\au540322\Documents\Projects\Ice-Nucleation\Builds\Full Build\Data\Calibration_7/Images/16-07-17_325.PNG;-29,471366;-29,515789;-29,516548;-29,509126;26,008526;26,023626;25,568760;NaN;9,523954;9,530652;9,518467;9,527063;2,142013;2,140831;2,176696;12,004236
16-07-17_825;C:\Users\au540322\Documents\Projects\Ice-Nucleation\Builds\Full Build\Data\Calibration_7/Images/16-07-17_825.PNG;-29,471443;-29,515351;-29,516289;-29,508789;26,006752;26,024670;25,569952;NaN;9,523964;9,530597;9,518435;9,527022;2,142152;2,140750;2,176601;12,004248
16-07-18_326;C:\Users\au540322\Documents\Projects\Ice-Nucleation\Builds\Full Build\Data\Calibration_7/Images/16-07-18_326.PNG;-29,471376;-29,515649;-29,515982;-29,508823;26,005647;26,025440;25,568617;NaN;9,523956;9,530634;9,518397;9,527026;2,142238;2,140690;2,176708;12,004231
16-07-18_825;C:\Users\au540322\Documents\Projects\Ice-Nucleation\Builds\Full Build\Data\Calibration_7/Images/16-07-18_825.PNG;-29,471376;-29,515413;-29,516284;-29,508645;26,001436;26,023077;25,567845;NaN;9,523956;9,530605;9,518434;9,527004;2,142568;2,140874;2,176769;12,004173
16-07-19_325;C:\Users\au540322\Documents\Projects\Ice-Nucleation\Builds\Full Build\Data\Calibration_7/Images/16-07-19_325.PNG;-29,471122;-29,515712;-29,515986;-29,508611;26,001756;26,021812;25,571407;NaN;9,523924;9,530642;9,518397;9,527000;2,142543;2,140973;2,176486;12,004240
16-07-19_825;C:\Users\au540322\Documents\Projects\Ice-Nucleation\Builds\Full Build\Data\Calibration_7/Images/16-07-19_825.PNG;-29,471434;-29,515476;-29,516241;-29,508789;26,005617;26,022300;25,574385;NaN;9,523963;9,530613;9,518429;9,527022;2,142241;2,140935;2,176249;12,004202
16-07-20_324;C:\Users\au540322\Documents\Projects\Ice-Nucleation\Builds\Full Build\Data\Calibration_7/Images/16-07-20_324.PNG;-29,471395;-29,515529;-29,515962;-29,508977;26,011009;26,022612;25,578233;NaN;9,523958;9,530619;9,518394;9,527045;2,141819;2,140911;2,175943;12,004219
16-07-20_826;C:\Users\au540322\Documents\Projects\Ice-Nucleation\Builds\Full Build\Data\Calibration_7/Images/16-07-20_826.PNG;-29,471578;-29,515558;-29,516260;-29,508789;26,011801;26,022841;25,578481;NaN;9,523981;9,530623;9,518431;9,527022;2,141757;2,140893;2,175924;12,004200
16-07-21_325;C:\Users\au540322\Documents\Projects\Ice-Nucleation\Builds\Full Build\Data\Calibration_7/Images/16-07-21_325.PNG;-29,471155;-29,515279;-29,515929;-29,508924;26,007277;26,024243;25,580161;NaN;9,523928;9,530588;9,518390;9,527038;2,142111;2,140783;2,175790;12,004179
16-07-21_825;C:\Users\au540322\Documents\Projects\Ice-Nucleation\Builds\Full Build\Data\Calibration_7/Images/16-07-21_825.PNG;-29,471755;-29,515587;-29,515766;-29,508366;26,007247;26,026225;25,581759;NaN;9,524003;9,530627;9,518370;9,526969;2,142113;2,140628;2,175663;12,004205
16-07-22_325;C:\Users\au540322\Documents\Projects\Ice-Nucleation\Builds\Full Build\Data\Calibration_7/Images/16-07-22_325.PNG;-29,471093;-29,515495;-29,515794;-29,508900;26,004612;26,029006;25,583500;NaN;9,523920;9,530615;9,518374;9,527035;2,142319;2,140411;2,175525;12,004172
16-07-22_825;C:\Users\au540322\Documents\Projects\Ice-Nucleation\Builds\Full Build\Data\Calibration_7/Images/16-07-22_825.PNG;-29,471304;-29,515413;-29,516174;-29,508996;26,001489;26,032177;25,587552;NaN;9,523947;9,530605;9,518421;9,527047;2,142564;2,140163;2,175203;12,004181
16-07-23_325;C:\Users\au540322\Documents\Projects\Ice-Nucleation\Builds\Full Build\Data\Calibration_7/Images/16-07-23_325.PNG;-29,471251;-29,515442;-29,516246;-29,508828;25,999989;26,034274;25,595042;NaN;9,523940;9,530609;9,518430;9,527026;2,142681;2,139999;2,174608;12,004218
16-07-23_825;C:\Users\au540322\Documents\Projects\Ice-Nucleation\Builds\Full Build\Data\Calibration_7/Images/16-07-23_825.PNG;-29,471203;-29,515471;-29,515670;-29,508967;26,000477;26,036507;25,602813;NaN;9,523934;9,530612;9,518358;9,527044;2,142643;2,139824;2,173991;12,004187
16-07-24_325;C:\Users\au540322\Documents\Projects\Ice-Nucleation\Builds\Full Build\Data\Calibration_7/Images/16-07-24_325.PNG;-29,471477;-29,515433;-29,516236;-29,508828;25,999906;26,039069;25,613972;NaN;9,523968;9,530607;9,518428;9,527026;2,142688;2,139624;2,173106;12,004211
16-07-24_825;C:\Users\au540322\Documents\Projects\Ice-Nucleation\Builds\Full Build\Data\Calibration_7/Images/16-07-24_825.PNG;-29,471338;-29,515524;-29,515919;-29,509034;25,995794;26,041448;25,624287;NaN;9,523951;9,530619;9,518389;9,527052;2,143009;2,139438;2,172287;12,004209
16-07-25_325;C:\Users\au540322\Documents\Projects\Ice-Nucleation\Builds\Full Build\Data\Calibration_7/Images/16-07-25_325.PNG;-29,471083;-29,515558;-29,516039;-29,508972;25,994812;26,043049;25,629344;NaN;9,523919;9,530623;9,518404;9,527044;2,143086;2,139313;2,171886;12,004199
16-07-25_824;C:\Users\au540322\Documents\Projects\Ice-Nucleation\Builds\Full Build\Data\Calibration_7/Images/16-07-25_824.PNG;-29,471242;-29,515702;-29,515962;-29,508823;25,997180;26,043591;25,632140;NaN;9,523939;9,530641;9,518394;9,527026;2,142901;2,139270;2,171664;12,004214
16-07-26_324;C:\Users\au540322\Documents\Projects\Ice-Nucleation\Builds\Full Build\Data\Calibration_7/Images/16-07-26_324.PNG;-29,471275;-29,515668;-29,516087;-29,508847;25,999198;26,043332;25,635192;NaN;9,523943;9,530637;9,518410;9,527029;2,142743;2,139291;2,171422;12,004249
16-07-26_824;C:\Users\au540322\Documents\Projects\Ice-Nucleation\Builds\Full Build\Data\Calibration_7/Images/16-07-26_824.PNG;-29,471616;-29,515423;-29,516178;-29,508943;25,996837;26,044239;25,639560;NaN;9,523985;9,530606;9,518421;9,527041;2,142928;2,139220;2,171076;12,004178
16-07-27_325;C:\Users\au540322\Documents\Projects\Ice-Nucleation\Builds\Full Build\Data\Calibration_7/Images/16-07-27_325.PNG;-29,470954;-29,515428;-29,515862;-29,508659;25,992704;26,045452;25,644093;NaN;9,523903;9,530607;9,518382;9,527006;2,143251;2,139125;2,170717;12,004185
16-07-27_824;C:\Users\au540322\Documents\Projects\Ice-Nucleation\Builds\Full Build\Data\Calibration_7/Images/16-07-27_824.PNG;-29,471347;-29,515692;-29,516135;-29,508818;25,995764;26,046657;25,650914;NaN;9,523952;9,530640;9,518416;9,527025;2,143012;2,139031;2,170176;12,004215
16-07-28_325;C:\Users\au540322\Documents\Projects\Ice-Nucleation\Builds\Full Build\Data\Calibration_7/Images/16-07-28_325.PNG;-29,471501;-29,515466;-29,516586;-29,508977;25,998870;26,048990;25,658226;NaN;9,523971;9,530612;9,518472;9,527045;2,142769;2,138848;2,169597;12,004211
16-07-28_824;C:\Users\au540322\Documents\Projects\Ice-Nucleation\Builds\Full Build\Data\Calibration_7/Images/16-07-28_824.PNG;-29,471165;-29,515466;-29,515838;-29,509318;25,999258;26,050081;25,664583;NaN;9,523929;9,530612;9,518379;9,527087;2,142738;2,138763;2,169093;12,004189
16-07-29_324;C:\Users\au540322\Documents\Projects\Ice-Nucleation\Builds\Full Build\Data\Calibration_7/Images/16-07-29_324.PNG;-29,471150;-29,515519;-29,516130;-29,508943;26,003698;26,051126;25,669655;NaN;9,523928;9,530618;9,518415;9,527041;2,142391;2,138682;2,168691;12,004160
16-07-29_825;C:\Users\au540322\Documents\Projects\Ice-Nucleation\Builds\Full Build\Data\Calibration_7/Images/16-07-29_825.PNG;-29,471040;-29,515510;-29,516169;-29,509010;26,008366;26,050836;25,676964;NaN;9,523914;9,530617;9,518420;9,527049;2,142025;2,138704;2,168113;12,004195
16-07-30_324;C:\Users\au540322\Documents\Projects\Ice-Nucleation\Builds\Full Build\Data\Calibration_7/Images/16-07-30_324.PNG;-29,471515;-29,515452;-29,515833;-29,508996;26,010804;26,050691;25,680954;NaN;9,523973;9,530610;9,518378;9,527047;2,141835;2,138716;2,167797;12,004207
16-07-30_825;C:\Users\au540322\Documents\Projects\Ice-Nucleation\Builds\Full Build\Data\Calibration_7/Images/16-07-30_825.PNG;-29,471256;-29,515187;-29,515886;-29,508962;26,012776;26,050989;25,683326;NaN;9,523941;9,530577;9,518385;9,527043;2,141680;2,138692;2,167609;12,004169
16-07-31_324;C:\Users\au540322\Documents\Projects\Ice-Nucleation\Builds\Full Build\Data\Calibration_7/Images/16-07-31_324.PNG;-29,471285;-29,515168;-29,516313;-29,508611;26,015801;26,052568;25,683326;NaN;9,523944;9,530575;9,518438;9,527000;2,141444;2,138569;2,167609;12,004176
16-07-31_825;C:\Users\au540322\Documents\Projects\Ice-Nucleation\Builds\Full Build\Data\Calibration_7/Images/16-07-31_825.PNG;-29,471290;-29,515457;-29,515967;-29,509068;26,007566;26,054162;25,679343;NaN;9,523945;9,530610;9,518395;9,527056;2,142088;2,138444;2,167924;12,004171
16-07-32_325;C:\Users\au540322\Documents\Projects\Ice-Nucleation\Builds\Full Build\Data\Calibration_7/Images/16-07-32_325.PNG;-29,471026;-29,515327;-29,515847;-29,508890;25,999045;26,056840;25,676091;NaN;9,523912;9,530594;9,518380;9,527034;2,142755;2,138235;2,168182;12,004202
16-07-32_825;C:\Users\au540322\Documents\Projects\Ice-Nucleation\Builds\Full Build\Data\Calibration_7/Images/16-07-32_825.PNG;-29,470915;-29,515591;-29,516116;-29,509015;25,995490;26,057420;25,672101;NaN;9,523898;9,530627;9,518414;9,527050;2,143033;2,138190;2,168498;12,004200
16-07-33_326;C:\Users\au540322\Documents\Projects\Ice-Nucleation\Builds\Full Build\Data\Calibration_7/Images/16-07-33_326.PNG;-29,471059;-29,515269;-29,516054;-29,508890;25,988198;26,057290;25,664952;NaN;9,523916;9,530587;9,518406;9,527034;2,143604;2,138200;2,169064;12,004221
16-07-33_825;C:\Users\au540322\Documents\Projects\Ice-Nucleation\Builds\Full Build\Data\Calibration_7/Images/16-07-33_825.PNG;-29,471309;-29,515741;-29,515905;-29,509025;25,977126;26,058252;25,657782;NaN;9,523947;9,530646;9,518387;9,527051;2,144472;2,138125;2,169632;12,004225
16-07-34_325;C:\Users\au540322\Documents\Projects\Ice-Nucleation\Builds\Full Build\Data\Calibration_7/Images/16-07-34_325.PNG;-29,471347;-29,515817;-29,516025;-29,509015;25,972257;26,057000;25,654750;NaN;9,523952;9,530655;9,518402;9,527050;2,144853;2,138223;2,169872;12,004239
16-07-34_825;C:\Users\au540322\Documents\Projects\Ice-Nucleation\Builds\Full Build\Data\Calibration_7/Images/16-07-34_825.PNG;-29,470963;-29,515611;-29,516356;-29,508832;25,966309;26,055421;25,649064;NaN;9,523904;9,530629;9,518443;9,527027;2,145319;2,138346;2,170323;12,004202
16-07-35_325;C:\Users\au540322\Documents\Projects\Ice-Nucleation\Builds\Full Build\Data\Calibration_7/Images/16-07-35_325.PNG;-29,471285;-29,515885;-29,516164;-29,509001;25,963587;26,054094;25,644063;NaN;9,523944;9,530663;9,518419;9,527048;2,145532;2,138450;2,170719;12,004206
16-07-35_824;C:\Users\au540322\Documents\Projects\Ice-Nucleation\Builds\Full Build\Data\Calibration_7/Images/16-07-35_824.PNG;-29,471635;-29,515490;-29,516265;-29,508736;25,966834;26,052781;25,640214;NaN;9,523988;9,530615;9,518432;9,527015;2,145278;2,138552;2,171024;12,004197
16-07-36_325;C:\Users\au540322\Documents\Projects\Ice-Nucleation\Builds\Full Build\Data\Calibration_7/Images/16-07-36_325.PNG;-29,471198;-29,515808;-29,515982;-29,509053;25,972843;26,051889;25,635989;NaN;9,523934;9,530654;9,518397;9,527054;2,144807;2,138622;2,171359;12,004301
16-07-36_824;C:\Users\au540322\Documents\Projects\Ice-Nucleation\Builds\Full Build\Data\Calibration_7/Images/16-07-36_824.PNG;-29,470992;-29,515457;-29,516135;-29,508837;25,978001;26,051027;25,631614;NaN;9,523908;9,530610;9,518416;9,527028;2,144403;2,138689;2,171706;12,004232
16-07-37_324;C:\Users\au540322\Documents\Projects\Ice-Nucleation\Builds\Full Build\Data\Calibration_7/Images/16-07-37_324.PNG;-29,471098;-29,515741;-29,516202;-29,509342;25,977491;26,050325;25,628863;NaN;9,523921;9,530646;9,518424;9,527090;2,144443;2,138744;2,171924;12,004261
16-07-37_824;C:\Users\au540322\Documents\Projects\Ice-Nucleation\Builds\Full Build\Data\Calibration_7/Images/16-07-37_824.PNG;-29,471530;-29,515538;-29,516087;-29,509188;25,973847;26,047648;25,627781;NaN;9,523975;9,530621;9,518410;9,527071;2,144728;2,138953;2,172010;12,004206
16-07-38_325;C:\Users\au540322\Documents\Projects\Ice-Nucleation\Builds\Full Build\Data\Calibration_7/Images/16-07-38_325.PNG;-29,471280;-29,515486;-29,515766;-29,509034;25,972599;26,044285;25,625903;NaN;9,523944;9,530614;9,518370;9,527052;2,144826;2,139216;2,172159;12,004271
16-07-38_825;C:\Users\au540322\Documents\Projects\Ice-Nucleation\Builds\Full Build\Data\Calibration_7/Images/16-07-38_825.PNG;-29,471314;-29,515678;-29,516073;-29,508957;25,975559;26,041532;25,624768;NaN;9,523948;9,530638;9,518408;9,527042;2,144594;2,139431;2,172249;12,004212
16-07-39_325;C:\Users\au540322\Documents\Projects\Ice-Nucleation\Builds\Full Build\Data\Calibration_7/Images/16-07-39_325.PNG;-29,471256;-29,515620;-29,516150;-29,508972;25,979606;26,040998;25,625444;NaN;9,523941;9,530631;9,518418;9,527044;2,144277;2,139473;2,172195;12,004215
16-07-39_825;C:\Users\au540322\Documents\Projects\Ice-Nucleation\Builds\Full Build\Data\Calibration_7/Images/16-07-39_825.PNG;-29,471448;-29,515255;-29,516111;-29,508871;25,982756;26,043126;25,628766;NaN;9,523964;9,530585;9,518413;9,527032;2,144030;2,139307;2,171932;12,004154
16-07-40_324;C:\Users\au540322\Documents\Projects\Ice-Nucleation\Builds\Full Build\Data\Calibration_7/Images/16-07-40_324.PNG;-29,471467;-29,515288;-29,516049;-29,508808;25,985039;26,044094;25,634087;NaN;9,523967;9,530590;9,518405;9,527024;2,143852;2,139231;2,171510;12,004207
16-07-40_825;C:\Users\au540322\Documents\Projects\Ice-Nucleation\Builds\Full Build\Data\Calibration_7/Images/16-07-40_825.PNG;-29,471290;-29,515899;-29,516202;-29,508380;25,990321;26,045444;25,638778;NaN;9,523945;9,530665;9,518424;9,526971;2,143438;2,139126;2,171138;12,004193
16-07-41_326;C:\Users\au540322\Documents\Projects\Ice-Nucleation\Builds\Full Build\Data\Calibration_7/Images/16-07-41_326.PNG;-29,471208;-29,515654;-29,515958;-29,508693;25,994767;26,047579;25,642785;NaN;9,523935;9,530635;9,518394;9,527010;2,143090;2,138959;2,170820;12,004218
16-07-41_825;C:\Users\au540322\Documents\Projects\Ice-Nucleation\Builds\Full Build\Data\Calibration_7/Images/16-07-41_825.PNG;-29,471294;-29,515288;-29,516111;-29,508727;25,994546;26,048861;25,645357;NaN;9,523945;9,530590;9,518413;9,527014;2,143107;2,138859;2,170617;12,004159
16-07-42_325;C:\Users\au540322\Documents\Projects\Ice-Nucleation\Builds\Full Build\Data\Calibration_7/Images/16-07-42_325.PNG;-29,471342;-29,515226;-29,516370;-29,508534;25,994394;26,050569;25,652622;NaN;9,523951;9,530582;9,518445;9,526990;2,143119;2,138725;2,170041;12,004195
16-07-42_825;C:\Users\au540322\Documents\Projects\Ice-Nucleation\Builds\Full Build\Data\Calibration_7/Images/16-07-42_825.PNG;-29,471342;-29,515572;-29,516202;-29,508977;26,000751;26,051591;25,655254;NaN;9,523951;9,530625;9,518424;9,527045;2,142621;2,138645;2,169832;12,004210
16-07-43_325;C:\Users\au540322\Documents\Projects\Ice-Nucleation\Builds\Full Build\Data\Calibration_7/Images/16-07-43_325.PNG;-29,471357;-29,515572;-29,516015;-29,508755;26,008694;26,052957;25,658715;NaN;9,523953;9,530625;9,518401;9,527017;2,142000;2,138538;2,169558;12,004195
16-07-43_825;C:\Users\au540322\Documents\Projects\Ice-Nucleation\Builds\Full Build\Data\Calibration_7/Images/16-07-43_825.PNG;-29,471006;-29,515404;-29,516087;-29,508650;26,013279;26,053430;25,665983;NaN;9,523910;9,530604;9,518410;9,527004;2,141641;2,138502;2,168982;12,004137
16-07-44_325;C:\Users\au540322\Documents\Projects\Ice-Nucleation\Builds\Full Build\Data\Calibration_7/Images/16-07-44_325.PNG;-29,471242;-29,515356;-29,516169;-29,508842;26,011489;26,053773;25,672621;NaN;9,523939;9,530598;9,518420;9,527028;2,141781;2,138475;2,168456;12,004253
16-07-44_824;C:\Users\au540322\Documents\Projects\Ice-Nucleation\Builds\Full Build\Data\Calibration_7/Images/16-07-44_824.PNG;-29,471146;-29,515572;-29,516121;-29,508938;26,013995;26,053575;25,675052;NaN;9,523927;9,530625;9,518414;9,527040;2,141585;2,138490;2,168264;12,004198
16-07-45_324;C:\Users\au540322\Documents\Projects\Ice-Nucleation\Builds\Full Build\Data\Calibration_7/Images/16-07-45_324.PNG;-29,471285;-29,515866;-29,515953;-29,508991;26,020342;26,052698;25,675504;NaN;9,523944;9,530661;9,518393;9,527047;2,141088;2,138559;2,168228;12,004154
16-07-45_825;C:\Users\au540322\Documents\Projects\Ice-Nucleation\Builds\Full Build\Data\Calibration_7/Images/16-07-45_825.PNG;-29,471405;-29,515885;-29,516106;-29,508981;26,026080;26,051393;25,670890;NaN;9,523959;9,530663;9,518412;9,527045;2,140640;2,138661;2,168594;12,004194
16-07-46_325;C:\Users\au540322\Documents\Projects\Ice-Nucleation\Builds\Full Build\Data\Calibration_7/Images/16-07-46_325.PNG;-29,471194;-29,515803;-29,516087;-29,509025;26,028320;26,051195;25,664087;NaN;9,523933;9,530653;9,518410;9,527051;2,140464;2,138676;2,169132;12,004231
16-07-46_824;C:\Users\au540322\Documents\Projects\Ice-Nucleation\Builds\Full Build\Data\Calibration_7/Images/16-07-46_824.PNG;-29,471011;-29,515615;-29,516087;-29,508775;26,021317;26,050096;25,657157;NaN;9,523910;9,530630;9,518410;9,527020;2,141012;2,138762;2,169681;12,004175
16-07-47_324;C:\Users\au540322\Documents\Projects\Ice-Nucleation\Builds\Full Build\Data\Calibration_7/Images/16-07-47_324.PNG;-29,471251;-29,515683;-29,516068;-29,508356;26,013988;26,048807;25,651328;NaN;9,523940;9,530638;9,518408;9,526968;2,141585;2,138863;2,170143;12,004185
16-07-47_825;C:\Users\au540322\Documents\Projects\Ice-Nucleation\Builds\Full Build\Data\Calibration_7/Images/16-07-47_825.PNG;-29,471304;-29,515582;-29,516428;-29,508799;26,011748;26,049113;25,646996;NaN;9,523947;9,530626;9,518452;9,527023;2,141761;2,138839;2,170487;12,004207
16-07-48_325;C:\Users\au540322\Documents\Projects\Ice-Nucleation\Builds\Full Build\Data\Calibration_7/Images/16-07-48_325.PNG;-29,471045;-29,515298;-29,515967;-29,508871;26,013028;26,048563;25,643755;NaN;9,523914;9,530591;9,518395;9,527032;2,141661;2,138882;2,170743;12,004191
16-07-48_824;C:\Users\au540322\Documents\Projects\Ice-Nucleation\Builds\Full Build\Data\Calibration_7/Images/16-07-48_824.PNG;-29,470781;-29,515231;-29,516116;-29,508712;26,015085;26,048335;25,641898;NaN;9,523882;9,530582;9,518414;9,527012;2,141500;2,138900;2,170891;12,004140
16-07-49_324;C:\Users\au540322\Documents\Projects\Ice-Nucleation\Builds\Full Build\Data\Calibration_7/Images/16-07-49_324.PNG;-29,471021;-29,515457;-29,516015;-29,508981;26,013607;26,048289;25,643575;NaN;9,523911;9,530610;9,518401;9,527045;2,141615;2,138903;2,170758;12,004175
16-07-49_825;C:\Users\au540322\Documents\Projects\Ice-Nucleation\Builds\Full Build\Data\Calibration_7/Images/16-07-49_825.PNG;-29,471448;-29,515933;-29,516260;-29,508751;26,010468;26,049738;25,642191;NaN;9,523964;9,530669;9,518431;9,527017;2,141861;2,138790;2,170867;12,004190
16-07-50_325;C:\Users\au540322\Documents\Projects\Ice-Nucleation\Builds\Full Build\Data\Calibration_7/Images/16-07-50_325.PNG;-29,471285;-29,515476;-29,516390;-29,508573;26,012807;26,051401;25,638793;NaN;9,523944;9,530613;9,518447;9,526995;2,141678;2,138660;2,171137;12,004213
16-07-50_825;C:\Users\au540322\Documents\Projects\Ice-Nucleation\Builds\Full Build\Data\Calibration_7/Images/16-07-50_825.PNG;-29,471016;-29,515452;-29,516418;-29,508967;26,015793;26,052110;25,634185;NaN;9,523911;9,530610;9,518451;9,527044;2,141444;2,138605;2,171502;12,004202
16-07-51_324;C:\Users\au540322\Documents\Projects\Ice-Nucleation\Builds\Full Build\Data\Calibration_7/Images/16-07-51_324.PNG;-29,471222;-29,515943;-29,515890;-29,508775;26,019214;26,053354;25,631795;NaN;9,523936;9,530671;9,518386;9,527020;2,141177;2,138507;2,171692;12,004213
16-07-51_824;C:\Users\au540322\Documents\Projects\Ice-Nucleation\Builds\Full Build\Data\Calibration_7/Images/16-07-51_824.PNG;-29,471554;-29,515943;-29,516174;-29,509356;26,023786;26,054872;25,627841;NaN;9,523978;9,530671;9,518421;9,527092;2,140819;2,138389;2,172005;12,004174
16-07-52_325;C:\Users\au540322\Documents\Projects\Ice-Nucleation\Builds\Full Build\Data\Calibration_7/Images/16-07-52_325.PNG;-29,471117;-29,515943;-29,516394;-29,508578;26,027292;26,054460;25,624234;NaN;9,523923;9,530671;9,518448;9,526995;2,140545;2,138421;2,172291;12,004218
16-07-52_825;C:\Users\au540322\Documents\Projects\Ice-Nucleation\Builds\Full Build\Data\Calibration_7/Images/16-07-52_825.PNG;-29,471261;-29,515822;-29,516414;-29,509270;26,023100;26,054345;25,619321;NaN;9,523941;9,530656;9,518450;9,527081;2,140873;2,138430;2,172681;12,004193
16-07-53_325;C:\Users\au540322\Documents\Projects\Ice-Nucleation\Builds\Full Build\Data\Calibration_7/Images/16-07-53_325.PNG;-29,471640;-29,515490;-29,515996;-29,509015;26,015405;26,054193;25,615377;NaN;9,523988;9,530615;9,518399;9,527050;2,141475;2,138442;2,172994;12,004225
16-07-53_824;C:\Users\au540322\Documents\Projects\Ice-Nucleation\Builds\Full Build\Data\Calibration_7/Images/16-07-53_824.PNG;-29,471256;-29,515572;-29,516097;-29,508890;26,008519;26,055268;25,612718;NaN;9,523941;9,530625;9,518411;9,527034;2,142013;2,138358;2,173205;12,004168
16-07-54_324;C:\Users\au540322\Documents\Projects\Ice-Nucleation\Builds\Full Build\Data\Calibration_7/Images/16-07-54_324.PNG;-29,471112;-29,515601;-29,516049;-29,508885;26,003667;26,055787;25,612177;NaN;9,523923;9,530628;9,518405;9,527034;2,142393;2,138317;2,173248;12,004189
16-07-54_824;C:\Users\au540322\Documents\Projects\Ice-Nucleation\Builds\Full Build\Data\Calibration_7/Images/16-07-54_824.PNG;-29,471160;-29,515644;-29,516202;-29,508904;26,001718;26,056901;25,613146;NaN;9,523929;9,530634;9,518424;9,527036;2,142546;2,138230;2,173171;12,004237
16-07-55_324;C:\Users\au540322\Documents\Projects\Ice-Nucleation\Builds\Full Build\Data\Calibration_7/Images/16-07-55_324.PNG;-29,471386;-29,515385;-29,516140;-29,508842;26,002586;26,056977;25,617307;NaN;9,523957;9,530601;9,518416;9,527028;2,142478;2,138224;2,172841;12,004213
16-07-55_826;C:\Users\au540322\Documents\Projects\Ice-Nucleation\Builds\Full Build\Data\Calibration_7/Images/16-07-55_826.PNG;-29,471434;-29,515514;-29,516198;-29,509169;26,006843;26,058091;25,619396;NaN;9,523963;9,530618;9,518424;9,527069;2,142145;2,138137;2,172675;12,004220
16-07-56_324;C:\Users\au540322\Documents\Projects\Ice-Nucleation\Builds\Full Build\Data\Calibration_7/Images/16-07-56_324.PNG;-29,471069;-29,515529;-29,516164;-29,509073;26,012837;26,058541;25,619035;NaN;9,523917;9,530619;9,518419;9,527057;2,141675;2,138102;2,172704;12,004153
16-07-56_825;C:\Users\au540322\Documents\Projects\Ice-Nucleation\Builds\Full Build\Data\Calibration_7/Images/16-07-56_825.PNG;-29,471054;-29,515640;-29,516150;-29,508664;26,019016;26,060388;25,621297;NaN;9,523916;9,530633;9,518418;9,527006;2,141192;2,137958;2,172524;12,004176
16-07-57_324;C:\Users\au540322\Documents\Projects\Ice-Nucleation\Builds\Full Build\Data\Calibration_7/Images/16-07-57_324.PNG;-29,471482;-29,515697;-29,516380;-29,509202;26,023588;26,061334;25,624693;NaN;9,523969;9,530640;9,518446;9,527073;2,140834;2,137884;2,172255;12,004148
16-07-57_825;C:\Users\au540322\Documents\Projects\Ice-Nucleation\Builds\Full Build\Data\Calibration_7/Images/16-07-57_825.PNG;-29,471453;-29,516039;-29,516063;-29,509039;26,027238;26,063562;25,627563;NaN;9,523965;9,530683;9,518407;9,527053;2,140549;2,137710;2,172027;12,004212
16-07-58_325;C:\Users\au540322\Documents\Projects\Ice-Nucleation\Builds\Full Build\Data\Calibration_7/Images/16-07-58_325.PNG;-29,471477;-29,515659;-29,516524;-29,509332;26,030043;26,065882;25,631907;NaN;9,523968;9,530635;9,518464;9,527089;2,140330;2,137529;2,171683;12,004228
16-07-58_825;C:\Users\au540322\Documents\Projects\Ice-Nucleation\Builds\Full Build\Data\Calibration_7/Images/16-07-58_825.PNG;-29,471174;-29,515534;-29,516385;-29,508789;26,033382;26,067935;25,630855;NaN;9,523931;9,530620;9,518447;9,527022;2,140069;2,137368;2,171766;12,004209
16-07-59_325;C:\Users\au540322\Documents\Projects\Ice-Nucleation\Builds\Full Build\Data\Calibration_7/Images/16-07-59_325.PNG;-29,471270;-29,515630;-29,516543;-29,508861;26,038863;26,070653;25,628135;NaN;9,523942;9,530632;9,518467;9,527031;2,139640;2,137156;2,171982;12,004228
16-07-59_824;C:\Users\au540322\Documents\Projects\Ice-Nucleation\Builds\Full Build\Data\Calibration_7/Images/16-07-59_824.PNG;-29,471381;-29,515909;-29,516366;-29,508981;26,041738;26,071034;25,627075;NaN;9,523956;9,530666;9,518445;9,527045;2,139415;2,137126;2,172066;12,004240
16-08-00_325;C:\Users\au540322\Documents\Projects\Ice-Nucleation\Builds\Full Build\Data\Calibration_7/Images/16-08-00_325.PNG;-29,471266;-29,515500;-29,516308;-29,508852;26,042150;26,069508;25,627781;NaN;9,523942;9,530616;9,518437;9,527029;2,139383;2,137246;2,172010;12,004252
16-08-00_825;C:\Users\au540322\Documents\Projects\Ice-Nucleation\Builds\Full Build\Data\Calibration_7/Images/16-08-00_825.PNG;-29,470992;-29,515741;-29,516063;-29,508986;26,047633;26,068050;25,630990;NaN;9,523908;9,530646;9,518407;9,527046;2,138955;2,137360;2,171756;12,004187
16-08-01_324;C:\Users\au540322\Documents\Projects\Ice-Nucleation\Builds\Full Build\Data\Calibration_7/Images/16-08-01_324.PNG;-29,471688;-29,515741;-29,516543;-29,508986;26,052576;26,063372;25,635433;NaN;9,523994;9,530646;9,518467;9,527046;2,138568;2,137725;2,171403;12,004213
16-08-01_825;C:\Users\au540322\Documents\Projects\Ice-Nucleation\Builds\Full Build\Data\Calibration_7/Images/16-08-01_825.PNG;-29,471232;-29,515943;-29,516673;-29,508803;26,053621;26,057984;25,636635;NaN;9,523938;9,530671;9,518483;9,527023;2,138487;2,138146;2,171308;12,004214
16-08-02_324;C:\Users\au540322\Documents\Projects\Ice-Nucleation\Builds\Full Build\Data\Calibration_7/Images/16-08-02_324.PNG;-29,471688;-29,515741;-29,516442;-29,508554;26,057786;26,056245;25,640642;NaN;9,523994;9,530646;9,518454;9,526992;2,138161;2,138282;2,170990;12,004227
16-08-02_826;C:\Users\au540322\Documents\Projects\Ice-Nucleation\Builds\Full Build\Data\Calibration_7/Images/16-08-02_826.PNG;-29,471366;-29,516087;-29,516236;-29,509169;26,064905;26,055040;25,639763;NaN;9,523954;9,530688;9,518428;9,527069;2,137605;2,138376;2,171060;12,004264
16-08-03_325;C:\Users\au540322\Documents\Projects\Ice-Nucleation\Builds\Full Build\Data\Calibration_7/Images/16-08-03_325.PNG;-29,471410;-29,515923;-29,516567;-29,509150;26,066607;26,054322;25,638883;NaN;9,523960;9,530668;9,518470;9,527066;2,137472;2,138432;2,171130;12,004206
16-08-03_825;C:\Users\au540322\Documents\Projects\Ice-Nucleation\Builds\Full Build\Data\Calibration_7/Images/16-08-03_825.PNG;-29,471582;-29,515938;-29,516202;-29,508900;26,067829;26,053209;25,640402;NaN;9,523981;9,530670;9,518424;9,527035;2,137377;2,138519;2,171009;12,004278
16-08-04_326;C:\Users\au540322\Documents\Projects\Ice-Nucleation\Builds\Full Build\Data\Calibration_7/Images/16-08-04_326.PNG;-29,471770;-29,516077;-29,516054;-29,509001;26,071210;26,052064;25,635636;NaN;9,524004;9,530687;9,518406;9,527048;2,137113;2,138608;2,171387;12,004171
16-08-04_825;C:\Users\au540322\Documents\Projects\Ice-Nucleation\Builds\Full Build\Data\Calibration_7/Images/16-08-04_825.PNG;-29,471458;-29,515668;-29,516260;-29,509351;26,074156;26,049646;25,628180;NaN;9,523966;9,530637;9,518431;9,527091;2,136883;2,138797;2,171978;12,004263
16-08-05_324;C:\Users\au540322\Documents\Projects\Ice-Nucleation\Builds\Full Build\Data\Calibration_7/Images/16-08-05_324.PNG;-29,471390;-29,516164;-29,516745;-29,509145;26,076500;26,047183;25,618727;NaN;9,523957;9,530698;9,518492;9,527066;2,136700;2,138990;2,172728;12,004185
16-08-05_825;C:\Users\au540322\Documents\Projects\Ice-Nucleation\Builds\Full Build\Data\Calibration_7/Images/16-08-05_825.PNG;-29,471486;-29,515601;-29,516279;-29,509140;26,076531;26,046077;25,611178;NaN;9,523969;9,530628;9,518434;9,527065;2,136697;2,139076;2,173327;12,004182
16-08-06_325;C:\Users\au540322\Documents\Projects\Ice-Nucleation\Builds\Full Build\Data\Calibration_7/Images/16-08-06_325.PNG;-29,471424;-29,516024;-29,516140;-29,509351;26,077126;26,047274;25,603961;NaN;9,523962;9,530681;9,518416;9,527091;2,136651;2,138983;2,173900;12,004137
16-08-06_824;C:\Users\au540322\Documents\Projects\Ice-Nucleation\Builds\Full Build\Data\Calibration_7/Images/16-08-06_824.PNG;-29,471496;-29,515943;-29,516601;-29,509202;26,078943;26,048174;25,595823;NaN;9,523970;9,530671;9,518474;9,527073;2,136509;2,138912;2,174546;12,004193
16-08-07_325;C:\Users\au540322\Documents\Projects\Ice-Nucleation\Builds\Full Build\Data\Calibration_7/Images/16-08-07_325.PNG;-29,471582;-29,515702;-29,516514;-29,508900;26,082807;26,046863;25,588190;NaN;9,523981;9,530641;9,518463;9,527035;2,136207;2,139015;2,175152;12,004176
16-08-07_824;C:\Users\au540322\Documents\Projects\Ice-Nucleation\Builds\Full Build\Data\Calibration_7/Images/16-08-07_824.PNG;-29,471338;-29,515688;-29,516164;-29,508847;26,086740;26,043027;25,579629;NaN;9,523951;9,530639;9,518419;9,527029;2,135900;2,139315;2,175833;12,004193
16-08-08_325;C:\Users\au540322\Documents\Projects\Ice-Nucleation\Builds\Full Build\Data\Calibration_7/Images/16-08-08_325.PNG;-29,471506;-29,515962;-29,516678;-29,509236;26,090956;26,040937;25,569892;NaN;9,523972;9,530673;9,518483;9,527077;2,135571;2,139478;2,176606;12,004156
16-08-08_825;C:\Users\au540322\Documents\Projects\Ice-Nucleation\Builds\Full Build\Data\Calibration_7/Images/16-08-08_825.PNG;-29,471002;-29,515986;-29,516169;-29,509308;26,087305;26,037948;25,562926;NaN;9,523909;9,530676;9,518420;9,527086;2,135856;2,139712;2,177160;12,004184
16-08-09_325;C:\Users\au540322\Documents\Projects\Ice-Nucleation\Builds\Full Build\Data\Calibration_7/Images/16-08-09_325.PNG;-29,471520;-29,516015;-29,516097;-29,509395;26,078890;26,035958;25,557213;NaN;9,523973;9,530680;9,518411;9,527097;2,136513;2,139867;2,177614;12,004212
16-08-09_825;C:\Users\au540322\Documents\Projects\Ice-Nucleation\Builds\Full Build\Data\Calibration_7/Images/16-08-09_825.PNG;-29,471400;-29,515630;-29,516851;-29,509419;26,076683;26,035798;25,551869;NaN;9,523959;9,530632;9,518505;9,527100;2,136685;2,139880;2,178039;12,004192
16-08-10_325;C:\Users\au540322\Documents\Projects\Ice-Nucleation\Builds\Full Build\Data\Calibration_7/Images/16-08-10_325.PNG;-29,471770;-29,516077;-29,516490;-29,509164;26,077294;26,035219;25,548549;NaN;9,524004;9,530687;9,518460;9,527068;2,136638;2,139925;2,178303;12,004169
16-08-10_825;C:\Users\au540322\Documents\Projects\Ice-Nucleation\Builds\Full Build\Data\Calibration_7/Images/16-08-10_825.PNG;-29,471400;-29,515919;-29,516692;-29,508943;26,078424;26,034815;25,548526;NaN;9,523959;9,530668;9,518485;9,527041;2,136549;2,139956;2,178305;12,004189
16-08-11_324;C:\Users\au540322\Documents\Projects\Ice-Nucleation\Builds\Full Build\Data\Calibration_7/Images/16-08-11_324.PNG;-29,471419;-29,515808;-29,516582;-29,509260;26,080379;26,035493;25,549516;NaN;9,523961;9,530654;9,518471;9,527080;2,136397;2,139903;2,178226;12,004233
16-08-11_825;C:\Users\au540322\Documents\Projects\Ice-Nucleation\Builds\Full Build\Data\Calibration_7/Images/16-08-11_825.PNG;-29,471203;-29,516188;-29,516332;-29,509443;26,076462;26,036637;25,548167;NaN;9,523934;9,530701;9,518440;9,527103;2,136703;2,139814;2,178334;12,004185
16-08-12_324;C:\Users\au540322\Documents\Projects\Ice-Nucleation\Builds\Full Build\Data\Calibration_7/Images/16-08-12_324.PNG;-29,471558;-29,515866;-29,516246;-29,508914;26,076989;26,036637;25,545649;NaN;9,523978;9,530661;9,518430;9,527037;2,136662;2,139814;2,178534;12,004252
16-08-12_824;C:\Users\au540322\Documents\Projects\Ice-Nucleation\Builds\Full Build\Data\Calibration_7/Images/16-08-12_824.PNG;-29,471477;-29,515870;-29,516399;-29,509034;26,078936;26,036431;25,544472;NaN;9,523968;9,530662;9,518449;9,527052;2,136510;2,139830;2,178627;12,004207
16-08-13_325;C:\Users\au540322\Documents\Projects\Ice-Nucleation\Builds\Full Build\Data\Calibration_7/Images/16-08-13_325.PNG;-29,471050;-29,516034;-29,516442;-29,509164;26,082242;26,035303;25,543731;NaN;9,523915;9,530682;9,518454;9,527068;2,136251;2,139918;2,178686;12,004169
16-08-13_825;C:\Users\au540322\Documents\Projects\Ice-Nucleation\Builds\Full Build\Data\Calibration_7/Images/16-08-13_825.PNG;-29,471438;-29,515741;-29,516102;-29,509409;26,085167;26,035631;25,539909;NaN;9,523963;9,530646;9,518412;9,527099;2,136023;2,139893;2,178990;12,004147
16-08-14_325;C:\Users\au540322\Documents\Projects\Ice-Nucleation\Builds\Full Build\Data\Calibration_7/Images/16-08-14_325.PNG;-29,471203;-29,515933;-29,516121;-29,509424;26,081868;26,035249;25,537287;NaN;9,523934;9,530669;9,518414;9,527100;2,136281;2,139923;2,179199;12,004198
16-08-14_825;C:\Users\au540322\Documents\Projects\Ice-Nucleation\Builds\Full Build\Data\Calibration_7/Images/16-08-14_825.PNG;-29,471544;-29,515640;-29,516236;-29,509116;26,078348;26,035646;25,538224;NaN;9,523976;9,530633;9,518428;9,527062;2,136555;2,139892;2,179124;12,004222
16-08-15_325;C:\Users\au540322\Documents\Projects\Ice-Nucleation\Builds\Full Build\Data\Calibration_7/Images/16-08-15_325.PNG;-29,471357;-29,516101;-29,516159;-29,509582;26,072286;26,035371;25,538898;NaN;9,523953;9,530690;9,518419;9,527120;2,137029;2,139913;2,179071;12,004207
16-08-15_825;C:\Users\au540322\Documents\Projects\Ice-Nucleation\Builds\Full Build\Data\Calibration_7/Images/16-08-15_825.PNG;-29,471189;-29,515943;-29,516596;-29,509068;26,063799;26,035737;25,537849;NaN;9,523932;9,530671;9,518473;9,527056;2,137692;2,139884;2,179154;12,004187
16-08-16_325;C:\Users\au540322\Documents\Projects\Ice-Nucleation\Builds\Full Build\Data\Calibration_7/Images/16-08-16_325.PNG;-29,471746;-29,515793;-29,515919;-29,508986;26,056108;26,036073;25,538516;NaN;9,524001;9,530652;9,518389;9,527046;2,138292;2,139858;2,179101;12,004204
16-08-16_824;C:\Users\au540322\Documents\Projects\Ice-Nucleation\Builds\Full Build\Data\Calibration_7/Images/16-08-16_824.PNG;-29,471357;-29,516039;-29,516476;-29,509284;26,049364;26,035265;25,540374;NaN;9,523953;9,530683;9,518458;9,527083;2,138819;2,139921;2,178953;12,004153
16-08-17_325;C:\Users\au540322\Documents\Projects\Ice-Nucleation\Builds\Full Build\Data\Calibration_7/Images/16-08-17_325.PNG;-29,471419;-29,515822;-29,516241;-29,509270;26,047419;26,032375;25,544045;NaN;9,523961;9,530656;9,518429;9,527081;2,138971;2,140147;2,178661;12,004221
16-08-17_825;C:\Users\au540322\Documents\Projects\Ice-Nucleation\Builds\Full Build\Data\Calibration_7/Images/16-08-17_825.PNG;-29,471462;-29,515741;-29,516274;-29,508722;26,048777;26,030767;25,549111;NaN;9,523966;9,530646;9,518433;9,527013;2,138865;2,140273;2,178258;12,004205
16-08-18_325;C:\Users\au540322\Documents\Projects\Ice-Nucleation\Builds\Full Build\Data\Calibration_7/Images/16-08-18_325.PNG;-29,471338;-29,516097;-29,516812;-29,509029;26,047122;26,030371;25,555167;NaN;9,523951;9,530690;9,518500;9,527051;2,138994;2,140304;2,177777;12,004197
16-08-18_825;C:\Users\au540322\Documents\Projects\Ice-Nucleation\Builds\Full Build\Data\Calibration_7/Images/16-08-18_825.PNG;-29,471707;-29,516092;-29,516366;-29,509174;26,042905;26,030477;25,562011;NaN;9,523997;9,530689;9,518445;9,527069;2,139324;2,140296;2,177233;12,004186
16-08-19_325;C:\Users\au540322\Documents\Projects\Ice-Nucleation\Builds\Full Build\Data\Calibration_7/Images/16-08-19_325.PNG;-29,471534;-29,515736;-29,516716;-29,509529;26,039321;26,029982;25,568310;NaN;9,523975;9,530645;9,518488;9,527113;2,139604;2,140334;2,176732;12,004251
16-08-19_824;C:\Users\au540322\Documents\Projects\Ice-Nucleation\Builds\Full Build\Data\Calibration_7/Images/16-08-19_824.PNG;-29,471856;-29,516130;-29,516111;-29,508948;26,035486;26,030401;25,574265;NaN;9,524015;9,530694;9,518413;9,527041;2,139904;2,140302;2,176259;12,004187
16-08-20_324;C:\Users\au540322\Documents\Projects\Ice-Nucleation\Builds\Full Build\Data\Calibration_7/Images/16-08-20_324.PNG;-29,471755;-29,516169;-29,516361;-29,509169;26,032962;26,031491;25,581002;NaN;9,524003;9,530699;9,518444;9,527069;2,140101;2,140216;2,175723;12,004172
16-08-20_824;C:\Users\au540322\Documents\Projects\Ice-Nucleation\Builds\Full Build\Data\Calibration_7/Images/16-08-20_824.PNG;-29,471222;-29,515923;-29,516366;-29,509087;26,028183;26,033809;25,590336;NaN;9,523936;9,530668;9,518445;9,527059;2,140475;2,140035;2,174982;12,004227
16-08-21_324;C:\Users\au540322\Documents\Projects\Ice-Nucleation\Builds\Full Build\Data\Calibration_7/Images/16-08-21_324.PNG;-29,471146;-29,516101;-29,516394;-29,508972;26,025836;26,034380;25,598270;NaN;9,523927;9,530690;9,518448;9,527044;2,140659;2,139990;2,174352;12,004193
16-08-21_824;C:\Users\au540322\Documents\Projects\Ice-Nucleation\Builds\Full Build\Data\Calibration_7/Images/16-08-21_824.PNG;-29,471885;-29,515919;-29,516183;-29,509404;26,029593;26,034685;25,606492;NaN;9,524019;9,530668;9,518422;9,527098;2,140365;2,139967;2,173699;12,004233
16-08-22_324;C:\Users\au540322\Documents\Projects\Ice-Nucleation\Builds\Full Build\Data\Calibration_7/Images/16-08-22_324.PNG;-29,471683;-29,515625;-29,516649;-29,508876;26,035608;26,035707;25,613319;NaN;9,523994;9,530631;9,518480;9,527032;2,139894;2,139887;2,173157;12,004219
16-08-22_824;C:\Users\au540322\Documents\Projects\Ice-Nucleation\Builds\Full Build\Data\Calibration_7/Images/16-08-22_824.PNG;-29,471875;-29,515943;-29,516567;-29,508751;26,039214;26,037720;25,620898;NaN;9,524018;9,530671;9,518470;9,527017;2,139613;2,139729;2,172556;12,004216
16-08-23_324;C:\Users\au540322\Documents\Projects\Ice-Nucleation\Builds\Full Build\Data\Calibration_7/Images/16-08-23_324.PNG;-29,471534;-29,516241;-29,516346;-29,509029;26,041273;26,038848;25,626158;NaN;9,523975;9,530708;9,518442;9,527051;2,139452;2,139641;2,172139;12,004208
16-08-23_825;C:\Users\au540322\Documents\Projects\Ice-Nucleation\Builds\Full Build\Data\Calibration_7/Images/16-08-23_825.PNG;-29,471429;-29,516337;-29,516394;-29,509424;26,041997;26,041463;25,629683;NaN;9,523962;9,530719;9,518448;9,527100;2,139395;2,139437;2,171859;12,004194
16-08-24_325;C:\Users\au540322\Documents\Projects\Ice-Nucleation\Builds\Full Build\Data\Calibration_7/Images/16-08-24_325.PNG;-29,471880;-29,516193;-29,516514;-29,509371;26,043339;26,043110;25,629074;NaN;9,524018;9,530702;9,518463;9,527094;2,139290;2,139308;2,171908;12,004177
16-08-24_825;C:\Users\au540322\Documents\Projects\Ice-Nucleation\Builds\Full Build\Data\Calibration_7/Images/16-08-24_825.PNG;-29,471592;-29,516034;-29,516822;-29,509265;26,044895;26,042485;25,629397;NaN;9,523982;9,530682;9,518501;9,527081;2,139169;2,139357;2,171882;12,004183
16-08-25_324;C:\Users\au540322\Documents\Projects\Ice-Nucleation\Builds\Full Build\Data\Calibration_7/Images/16-08-25_324.PNG;-29,471669;-29,516005;-29,516620;-29,509332;26,045978;26,044186;25,626992;NaN;9,523992;9,530678;9,518476;9,527089;2,139084;2,139224;2,172073;12,004195
16-08-25_825;C:\Users\au540322\Documents\Projects\Ice-Nucleation\Builds\Full Build\Data\Calibration_7/Images/16-08-25_825.PNG;-29,471794;-29,515846;-29,516404;-29,509568;26,050272;26,044590;25,620388;NaN;9,524007;9,530659;9,518449;9,527118;2,138748;2,139192;2,172597;12,004190
16-08-26_324;C:\Users\au540322\Documents\Projects\Ice-Nucleation\Builds\Full Build\Data\Calibration_7/Images/16-08-26_324.PNG;-29,471904;-29,515976;-29,516447;-29,509188;26,048525;26,043621;25,613679;NaN;9,524021;9,530675;9,518455;9,527071;2,138885;2,139268;2,173129;12,004204
16-08-26_825;C:\Users\au540322\Documents\Projects\Ice-Nucleation\Builds\Full Build\Data\Calibration_7/Images/16-08-26_825.PNG;-29,471544;-29,515866;-29,516663;-29,509202;26,041227;26,043034;25,610652;NaN;9,523976;9,530661;9,518481;9,527073;2,139455;2,139314;2,173369;12,004204
16-08-27_325;C:\Users\au540322\Documents\Projects\Ice-Nucleation\Builds\Full Build\Data\Calibration_7/Images/16-08-27_325.PNG;-29,472067;-29,515817;-29,516683;-29,509178;26,029715;26,041768;25,607859;NaN;9,524041;9,530655;9,518484;9,527070;2,140355;2,139413;2,173591;12,004184
16-08-27_824;C:\Users\au540322\Documents\Projects\Ice-Nucleation\Builds\Full Build\Data\Calibration_7/Images/16-08-27_824.PNG;-29,471650;-29,515582;-29,516481;-29,509318;26,019481;26,041829;25,607941;NaN;9,523990;9,530626;9,518459;9,527087;2,141156;2,139408;2,173584;12,004226
16-08-28_325;C:\Users\au540322\Documents\Projects\Ice-Nucleation\Builds\Full Build\Data\Calibration_7/Images/16-08-28_325.PNG;-29,471760;-29,515976;-29,516947;-29,509058;26,015854;26,040922;25,607761;NaN;9,524003;9,530675;9,518517;9,527055;2,141439;2,139479;2,173599;12,004224
16-08-28_825;C:\Users\au540322\Documents\Projects\Ice-Nucleation\Builds\Full Build\Data\Calibration_7/Images/16-08-28_825.PNG;-29,471731;-29,516164;-29,516524;-29,509366;26,018955;26,041280;25,607228;NaN;9,524000;9,530698;9,518464;9,527093;2,141197;2,139451;2,173641;12,004181
16-08-29_325;C:\Users\au540322\Documents\Projects\Ice-Nucleation\Builds\Full Build\Data\Calibration_7/Images/16-08-29_325.PNG;-29,472015;-29,515933;-29,516514;-29,509270;26,022262;26,041517;25,607123;NaN;9,524035;9,530669;9,518463;9,527081;2,140938;2,139433;2,173649;12,004176
16-08-29_824;C:\Users\au540322\Documents\Projects\Ice-Nucleation\Builds\Full Build\Data\Calibration_7/Images/16-08-29_824.PNG;-29,471938;-29,516284;-29,516404;-29,509097;26,026362;26,039145;25,605178;NaN;9,524025;9,530713;9,518449;9,527060;2,140617;2,139618;2,173804;12,004190
16-08-30_324;C:\Users\au540322\Documents\Projects\Ice-Nucleation\Builds\Full Build\Data\Calibration_7/Images/16-08-30_324.PNG;-29,471722;-29,516409;-29,516356;-29,509376;26,026446;26,036774;25,605718;NaN;9,523998;9,530728;9,518443;9,527094;2,140611;2,139803;2,173761;12,004225
16-08-30_825;C:\Users\au540322\Documents\Projects\Ice-Nucleation\Builds\Full Build\Data\Calibration_7/Images/16-08-30_825.PNG;-29,471491;-29,516592;-29,516246;-29,509433;26,027086;26,035204;25,604509;NaN;9,523970;9,530751;9,518430;9,527101;2,140561;2,139926;2,173857;12,004159
16-08-31_325;C:\Users\au540322\Documents\Projects\Ice-Nucleation\Builds\Full Build\Data\Calibration_7/Images/16-08-31_325.PNG;-29,471707;-29,515726;-29,516452;-29,509102;26,032185;26,035082;25,601731;NaN;9,523997;9,530644;9,518455;9,527060;2,140162;2,139936;2,174077;12,004199
16-08-31_825;C:\Users\au540322\Documents\Projects\Ice-Nucleation\Builds\Full Build\Data\Calibration_7/Images/16-08-31_825.PNG;-29,471592;-29,516063;-29,516548;-29,509010;26,036500;26,035402;25,599389;NaN;9,523982;9,530686;9,518467;9,527049;2,139825;2,139911;2,174263;12,004244
16-08-32_326;C:\Users\au540322\Documents\Projects\Ice-Nucleation\Builds\Full Build\Data\Calibration_7/Images/16-08-32_326.PNG;-29,471558;-29,516159;-29,516260;-29,508957;26,039549;26,034769;25,594622;NaN;9,523978;9,530697;9,518431;9,527042;2,139586;2,139960;2,174642;12,004199
16-08-32_825;C:\Users\au540322\Documents\Projects\Ice-Nucleation\Builds\Full Build\Data\Calibration_7/Images/16-08-32_825.PNG;-29,471443;-29,516149;-29,516044;-29,509400;26,042760;26,030142;25,591012;NaN;9,523964;9,530696;9,518405;9,527097;2,139335;2,140322;2,174928;12,004149
16-08-33_325;C:\Users\au540322\Documents\Projects\Ice-Nucleation\Builds\Full Build\Data\Calibration_7/Images/16-08-33_325.PNG;-29,472015;-29,515640;-29,516260;-29,509433;26,042272;26,026072;25,590524;NaN;9,524035;9,530633;9,518431;9,527101;2,139374;2,140640;2,174967;12,004167
16-08-33_825;C:\Users\au540322\Documents\Projects\Ice-Nucleation\Builds\Full Build\Data\Calibration_7/Images/16-08-33_825.PNG;-29,471381;-29,515933;-29,516634;-29,509174;26,044628;26,022833;25,586959;NaN;9,523956;9,530669;9,518478;9,527069;2,139189;2,140893;2,175250;12,004234
16-08-34_325;C:\Users\au540322\Documents\Projects\Ice-Nucleation\Builds\Full Build\Data\Calibration_7/Images/16-08-34_325.PNG;-29,471798;-29,515962;-29,516303;-29,509145;26,046908;26,021477;25,584078;NaN;9,524008;9,530673;9,518437;9,527066;2,139011;2,141000;2,175479;12,004191
16-08-34_824;C:\Users\au540322\Documents\Projects\Ice-Nucleation\Builds\Full Build\Data\Calibration_7/Images/16-08-34_824.PNG;-29,471448;-29,516188;-29,516260;-29,509029;26,047778;26,020730;25,584738;NaN;9,523964;9,530701;9,518431;9,527051;2,138943;2,141058;2,175427;12,004236
16-08-35_325;C:\Users\au540322\Documents\Projects\Ice-Nucleation\Builds\Full Build\Data\Calibration_7/Images/16-08-35_325.PNG;-29,471434;-29,515606;-29,516106;-29,509174;26,048457;26,019656;25,585458;NaN;9,523963;9,530629;9,518412;9,527069;2,138890;2,141142;2,175369;12,004182
16-08-35_825;C:\Users\au540322\Documents\Projects\Ice-Nucleation\Builds\Full Build\Data\Calibration_7/Images/16-08-35_825.PNG;-29,471707;-29,516231;-29,516313;-29,508799;26,049204;26,018292;25,584070;NaN;9,523997;9,530706;9,518438;9,527023;2,138832;2,141249;2,175480;12,004140
16-08-36_325;C:\Users\au540322\Documents\Projects\Ice-Nucleation\Builds\Full Build\Data\Calibration_7/Images/16-08-36_325.PNG;-29,471328;-29,516226;-29,516620;-29,509356;26,051157;26,017416;25,578983;NaN;9,523950;9,530706;9,518476;9,527092;2,138679;2,141317;2,175884;12,004214
16-08-36_825;C:\Users\au540322\Documents\Projects\Ice-Nucleation\Builds\Full Build\Data\Calibration_7/Images/16-08-36_825.PNG;-29,471458;-29,515962;-29,516634;-29,509592;26,055955;26,016121;25,572720;NaN;9,523966;9,530673;9,518478;9,527121;2,138304;2,141419;2,176381;12,004203
16-08-37_326;C:\Users\au540322\Documents\Projects\Ice-Nucleation\Builds\Full Build\Data\Calibration_7/Images/16-08-37_326.PNG;-29,471779;-29,515808;-29,516524;-29,509428;26,057840;26,014848;25,565378;NaN;9,524006;9,530654;9,518464;9,527101;2,138157;2,141518;2,176965;12,004234
16-08-37_825;C:\Users\au540322\Documents\Projects\Ice-Nucleation\Builds\Full Build\Data\Calibration_7/Images/16-08-37_825.PNG;-29,471712;-29,515837;-29,516332;-29,509231;26,049204;26,011862;25,558975;NaN;9,523997;9,530658;9,518440;9,527076;2,138832;2,141752;2,177474;12,004220
16-08-38_325;C:\Users\au540322\Documents\Projects\Ice-Nucleation\Builds\Full Build\Data\Calibration_7/Images/16-08-38_325.PNG;-29,471309;-29,515640;-29,516385;-29,509063;26,043667;26,007140;25,557138;NaN;9,523947;9,530633;9,518447;9,527056;2,139264;2,142121;2,177620;12,004188
16-08-38_826;C:\Users\au540322\Documents\Projects\Ice-Nucleation\Builds\Full Build\Data\Calibration_7/Images/16-08-38_826.PNG;-29,471458;-29,516068;-29,516673;-29,509255;26,034624;26,002061;25,559695;NaN;9,523966;9,530686;9,518483;9,527079;2,139971;2,142519;2,177417;12,004187
16-08-39_325;C:\Users\au540322\Documents\Projects\Ice-Nucleation\Builds\Full Build\Data\Calibration_7/Images/16-08-39_325.PNG;-29,471371;-29,516010;-29,516462;-29,509130;26,026369;26,001017;25,564771;NaN;9,523955;9,530679;9,518456;9,527064;2,140617;2,142601;2,177013;12,004221
16-08-39_824;C:\Users\au540322\Documents\Projects\Ice-Nucleation\Builds\Full Build\Data\Calibration_7/Images/16-08-39_824.PNG;-29,472087;-29,515899;-29,516572;-29,509145;26,014765;25,999868;25,570612;NaN;9,524044;9,530665;9,518470;9,527066;2,141525;2,142691;2,176549;12,004164
16-08-40_325;C:\Users\au540322\Documents\Projects\Ice-Nucleation\Builds\Full Build\Data\Calibration_7/Images/16-08-40_325.PNG;-29,471731;-29,515500;-29,516471;-29,509227;26,005632;25,999784;25,578421;NaN;9,524000;9,530616;9,518458;9,527076;2,142239;2,142697;2,175928;12,004210
16-08-40_824;C:\Users\au540322\Documents\Projects\Ice-Nucleation\Builds\Full Build\Data\Calibration_7/Images/16-08-40_824.PNG;-29,471914;-29,515726;-29,516308;-29,509174;26,001154;25,999152;25,586817;NaN;9,524022;9,530644;9,518437;9,527069;2,142590;2,142747;2,175262;12,004194
16-08-41_324;C:\Users\au540322\Documents\Projects\Ice-Nucleation\Builds\Full Build\Data\Calibration_7/Images/16-08-41_324.PNG;-29,471659;-29,515914;-29,516145;-29,509313;25,993838;25,999495;25,592603;NaN;9,523991;9,530667;9,518417;9,527087;2,143163;2,142720;2,174802;12,004207
16-08-41_825;C:\Users\au540322\Documents\Projects\Ice-Nucleation\Builds\Full Build\Data\Calibration_7/Images/16-08-41_825.PNG;-29,471424;-29,515702;-29,516313;-29,509039;25,992475;25,999974;25,599059;NaN;9,523962;9,530641;9,518438;9,527053;2,143269;2,142682;2,174289;12,004233
16-08-42_325;C:\Users\au540322\Documents\Projects\Ice-Nucleation\Builds\Full Build\Data\Calibration_7/Images/16-08-42_325.PNG;-29,471443;-29,515601;-29,516289;-29,508904;25,996868;26,000340;25,601611;NaN;9,523964;9,530628;9,518435;9,527036;2,142925;2,142654;2,174087;12,004232
16-08-42_825;C:\Users\au540322\Documents\Projects\Ice-Nucleation\Builds\Full Build\Data\Calibration_7/Images/16-08-42_825.PNG;-29,471726;-29,516188;-29,516169;-29,509130;25,994995;26,000081;25,601303;NaN;9,523999;9,530701;9,518420;9,527064;2,143072;2,142674;2,174111;12,004215
16-08-43_324;C:\Users\au540322\Documents\Projects\Ice-Nucleation\Builds\Full Build\Data\Calibration_7/Images/16-08-43_324.PNG;-29,471510;-29,515832;-29,516529;-29,509342;25,989294;26,001063;25,603075;NaN;9,523972;9,530657;9,518465;9,527090;2,143518;2,142597;2,173970;12,004219
16-08-43_826;C:\Users\au540322\Documents\Projects\Ice-Nucleation\Builds\Full Build\Data\Calibration_7/Images/16-08-43_826.PNG;-29,471707;-29,515625;-29,516370;-29,509034;25,988677;26,002868;25,605531;NaN;9,523997;9,530631;9,518445;9,527052;2,143567;2,142456;2,173776;12,004190
16-08-44_324;C:\Users\au540322\Documents\Projects\Ice-Nucleation\Builds\Full Build\Data\Calibration_7/Images/16-08-44_324.PNG;-29,471630;-29,515659;-29,516202;-29,509376;25,987475;26,005845;25,610968;NaN;9,523987;9,530635;9,518424;9,527094;2,143661;2,142223;2,173344;12,004248
16-08-44_824;C:\Users\au540322\Documents\Projects\Ice-Nucleation\Builds\Full Build\Data\Calibration_7/Images/16-08-44_824.PNG;-29,471592;-29,515543;-29,516337;-29,508885;25,991836;26,007163;25,614303;NaN;9,523982;9,530621;9,518441;9,527034;2,143319;2,142120;2,173079;12,004219
16-08-45_325;C:\Users\au540322\Documents\Projects\Ice-Nucleation\Builds\Full Build\Data\Calibration_7/Images/16-08-45_325.PNG;-29,471640;-29,515567;-29,516313;-29,508779;25,994645;26,008869;25,623866;NaN;9,523988;9,530624;9,518438;9,527020;2,143099;2,141986;2,172321;12,004187
16-08-45_825;C:\Users\au540322\Documents\Projects\Ice-Nucleation\Builds\Full Build\Data\Calibration_7/Images/16-08-45_825.PNG;-29,471683;-29,515620;-29,516567;-29,509308;25,997987;26,010575;25,626609;NaN;9,523994;9,530631;9,518470;9,527086;2,142838;2,141853;2,172103;12,004169
16-08-46_325;C:\Users\au540322\Documents\Projects\Ice-Nucleation\Builds\Full Build\Data\Calibration_7/Images/16-08-46_325.PNG;-29,471779;-29,515851;-29,516294;-29,508895;26,003134;26,009524;25,626819;NaN;9,524006;9,530659;9,518436;9,527035;2,142435;2,141935;2,172086;12,004199
16-08-46_824;C:\Users\au540322\Documents\Projects\Ice-Nucleation\Builds\Full Build\Data\Calibration_7/Images/16-08-46_824.PNG;-29,471755;-29,515784;-29,516601;-29,508991;26,007574;26,006546;25,624122;NaN;9,524003;9,530651;9,518474;9,527047;2,142087;2,142168;2,172300;12,004221
16-08-47_325;C:\Users\au540322\Documents\Projects\Ice-Nucleation\Builds\Full Build\Data\Calibration_7/Images/16-08-47_325.PNG;-29,471808;-29,515947;-29,516342;-29,509294;26,004528;26,007056;25,617878;NaN;9,524009;9,530671;9,518442;9,527084;2,142326;2,142128;2,172796;12,004300
16-08-47_824;C:\Users\au540322\Documents\Projects\Ice-Nucleation\Builds\Full Build\Data\Calibration_7/Images/16-08-47_824.PNG;-29,471784;-29,515813;-29,516217;-29,509049;26,007810;26,007368;25,610119;NaN;9,524006;9,530655;9,518426;9,527054;2,142069;2,142103;2,173411;12,004207
16-08-48_325;C:\Users\au540322\Documents\Projects\Ice-Nucleation\Builds\Full Build\Data\Calibration_7/Images/16-08-48_325.PNG;-29,471333;-29,515798;-29,516207;-29,509481;26,010004;26,007924;25,602730;NaN;9,523950;9,530653;9,518425;9,527107;2,141897;2,142060;2,173998;12,004211
16-08-48_824;C:\Users\au540322\Documents\Projects\Ice-Nucleation\Builds\Full Build\Data\Calibration_7/Images/16-08-48_824.PNG;-29,471760;-29,515736;-29,516294;-29,509183;26,007087;26,007978;25,599066;NaN;9,524003;9,530645;9,518436;9,527070;2,142125;2,142056;2,174289;12,004223
16-08-49_324;C:\Users\au540322\Documents\Projects\Ice-Nucleation\Builds\Full Build\Data\Calibration_7/Images/16-08-49_324.PNG;-29,471707;-29,515591;-29,516183;-29,508775;26,000104;26,007848;25,596514;NaN;9,523997;9,530627;9,518422;9,527020;2,142672;2,142066;2,174491;12,004225
16-08-49_825;C:\Users\au540322\Documents\Projects\Ice-Nucleation\Builds\Full Build\Data\Calibration_7/Images/16-08-49_825.PNG;-29,471400;-29,515750;-29,516591;-29,508885;25,990443;26,006569;25,595560;NaN;9,523959;9,530647;9,518473;9,527034;2,143428;2,142166;2,174567;12,004266
16-08-50_325;C:\Users\au540322\Documents\Projects\Ice-Nucleation\Builds\Full Build\Data\Calibration_7/Images/16-08-50_325.PNG;-29,471602;-29,515548;-29,516015;-29,509279;25,978792;26,004231;25,601716;NaN;9,523984;9,530622;9,518401;9,527082;2,144341;2,142349;2,174078;12,004229
16-08-50_824;C:\Users\au540322\Documents\Projects\Ice-Nucleation\Builds\Full Build\Data\Calibration_7/Images/16-08-50_824.PNG;-29,471688;-29,515567;-29,516020;-29,508919;25,968089;26,002205;25,609894;NaN;9,523994;9,530624;9,518402;9,527038;2,145180;2,142508;2,173429;12,004252
16-08-51_325;C:\Users\au540322\Documents\Projects\Ice-Nucleation\Builds\Full Build\Data\Calibration_7/Images/16-08-51_325.PNG;-29,471741;-29,515587;-29,516399;-29,508832;25,961648;26,001078;25,618802;NaN;9,524001;9,530627;9,518449;9,527027;2,145684;2,142596;2,172722;12,004243
16-08-51_824;C:\Users\au540322\Documents\Projects\Ice-Nucleation\Builds\Full Build\Data\Calibration_7/Images/16-08-51_824.PNG;-29,471376;-29,516000;-29,516562;-29,509169;25,959641;26,001467;25,626519;NaN;9,523956;9,530678;9,518469;9,527069;2,145842;2,142565;2,172110;12,004206
16-08-52_325;C:\Users\au540322\Documents\Projects\Ice-Nucleation\Builds\Full Build\Data\Calibration_7/Images/16-08-52_325.PNG;-29,471486;-29,515625;-29,516308;-29,509121;25,956843;26,002129;25,629750;NaN;9,523969;9,530631;9,518437;9,527063;2,146061;2,142514;2,171854;12,004178
16-08-52_825;C:\Users\au540322\Documents\Projects\Ice-Nucleation\Builds\Full Build\Data\Calibration_7/Images/16-08-52_825.PNG;-29,471280;-29,515510;-29,516001;-29,508924;25,957778;26,002700;25,633704;NaN;9,523944;9,530617;9,518399;9,527038;2,145988;2,142469;2,171540;12,004203
16-08-53_325;C:\Users\au540322\Documents\Projects\Ice-Nucleation\Builds\Full Build\Data\Calibration_7/Images/16-08-53_325.PNG;-29,471347;-29,515928;-29,515982;-29,509275;25,961116;26,005548;25,639033;NaN;9,523952;9,530669;9,518397;9,527082;2,145726;2,142246;2,171118;12,004224
16-08-53_824;C:\Users\au540322\Documents\Projects\Ice-Nucleation\Builds\Full Build\Data\Calibration_7/Images/16-08-53_824.PNG;-29,471635;-29,515505;-29,516054;-29,508818;25,965260;26,007947;25,643221;NaN;9,523988;9,530616;9,518406;9,527025;2,145401;2,142058;2,170786;12,004211
16-08-54_325;C:\Users\au540322\Documents\Projects\Ice-Nucleation\Builds\Full Build\Data\Calibration_7/Images/16-08-54_325.PNG;-29,471136;-29,515731;-29,515823;-29,508645;25,960294;26,010278;25,643898;NaN;9,523926;9,530644;9,518377;9,527004;2,145791;2,141876;2,170732;12,004202
16-08-54_825;C:\Users\au540322\Documents\Projects\Ice-Nucleation\Builds\Full Build\Data\Calibration_7/Images/16-08-54_825.PNG;-29,471467;-29,515817;-29,516327;-29,509039;25,953528;26,011771;25,642071;NaN;9,523967;9,530655;9,518440;9,527053;2,146321;2,141759;2,170877;12,004191
16-08-55_325;C:\Users\au540322\Documents\Projects\Ice-Nucleation\Builds\Full Build\Data\Calibration_7/Images/16-08-55_325.PNG;-29,471712;-29,515433;-29,516265;-29,509015;25,949135;26,009219;25,640101;NaN;9,523997;9,530607;9,518432;9,527050;2,146666;2,141959;2,171033;12,004218
16-08-55_825;C:\Users\au540322\Documents\Projects\Ice-Nucleation\Builds\Full Build\Data\Calibration_7/Images/16-08-55_825.PNG;-29,471040;-29,515644;-29,516145;-29,509140;25,941672;26,006942;25,639409;NaN;9,523914;9,530634;9,518417;9,527065;2,147251;2,142137;2,171088;12,004232
16-08-56_325;C:\Users\au540322\Documents\Projects\Ice-Nucleation\Builds\Full Build\Data\Calibration_7/Images/16-08-56_325.PNG;-29,471170;-29,515567;-29,516423;-29,508986;25,929912;26,007247;25,641469;NaN;9,523930;9,530624;9,518452;9,527046;2,148174;2,142113;2,170925;12,004175
16-08-56_825;C:\Users\au540322\Documents\Projects\Ice-Nucleation\Builds\Full Build\Data\Calibration_7/Images/16-08-56_825.PNG;-29,471035;-29,515356;-29,516030;-29,509073;25,916206;26,008229;25,641281;NaN;9,523913;9,530598;9,518403;9,527057;2,149249;2,142036;2,170940;12,004160
16-08-57_324;C:\Users\au540322\Documents\Projects\Ice-Nucleation\Builds\Full Build\Data\Calibration_7/Images/16-08-57_324.PNG;-29,471520;-29,515625;-29,516116;-29,509073;25,904229;26,009387;25,643319;NaN;9,523973;9,530631;9,518414;9,527057;2,150190;2,141945;2,170778;12,004219
16-08-57_825;C:\Users\au540322\Documents\Projects\Ice-Nucleation\Builds\Full Build\Data\Calibration_7/Images/16-08-57_825.PNG;-29,470944;-29,515587;-29,515919;-29,508779;25,892727;26,009783;25,645146;NaN;9,523902;9,530627;9,518389;9,527020;2,151094;2,141914;2,170633;12,004154
16-08-58_325;C:\Users\au540322\Documents\Projects\Ice-Nucleation\Builds\Full Build\Data\Calibration_7/Images/16-08-58_325.PNG;-29,470997;-29,515519;-29,516318;-29,508674;25,881988;26,009204;25,647259;NaN;9,523908;9,530618;9,518439;9,527007;2,151938;2,141960;2,170466;12,004231
16-08-58_825;C:\Users\au540322\Documents\Projects\Ice-Nucleation\Builds\Full Build\Data\Calibration_7/Images/16-08-58_825.PNG;-29,471448;-29,515524;-29,515857;-29,508770;25,874232;26,009798;25,648628;NaN;9,523964;9,530619;9,518381;9,527019;2,152547;2,141913;2,170357;12,004192
16-08-59_326;C:\Users\au540322\Documents\Projects\Ice-Nucleation\Builds\Full Build\Data\Calibration_7/Images/16-08-59_326.PNG;-29,471213;-29,515649;-29,516178;-29,509077;25,872269;26,011588;25,651433;NaN;9,523935;9,530634;9,518421;9,527057;2,152702;2,141773;2,170135;12,004131
16-08-59_824;C:\Users\au540322\Documents\Projects\Ice-Nucleation\Builds\Full Build\Data\Calibration_7/Images/16-08-59_824.PNG;-29,471107;-29,515303;-29,515593;-29,508669;25,876795;26,011078;25,653396;NaN;9,523922;9,530591;9,518349;9,527007;2,152346;2,141813;2,169979;12,004159
16-09-00_325;C:\Users\au540322\Documents\Projects\Ice-Nucleation\Builds\Full Build\Data\Calibration_7/Images/16-09-00_325.PNG;-29,471165;-29,515683;-29,515631;-29,508746;25,883914;26,011162;25,656187;NaN;9,523929;9,530638;9,518353;9,527016;2,151786;2,141807;2,169758;12,004227
16-09-00_825;C:\Users\au540322\Documents\Projects\Ice-Nucleation\Builds\Full Build\Data\Calibration_7/Images/16-09-00_825.PNG;-29,471482;-29,515317;-29,515713;-29,508284;25,890338;26,010133;25,656683;NaN;9,523969;9,530593;9,518363;9,526959;2,151281;2,141887;2,169719;12,004178
16-09-01_325;C:\Users\au540322\Documents\Projects\Ice-Nucleation\Builds\Full Build\Data\Calibration_7/Images/16-09-01_325.PNG;-29,471270;-29,515341;-29,515862;-29,508630;25,894350;26,008876;25,659407;NaN;9,523942;9,530596;9,518382;9,527002;2,150966;2,141985;2,169503;12,004143
16-09-01_825;C:\Users\au540322\Documents\Projects\Ice-Nucleation\Builds\Full Build\Data\Calibration_7/Images/16-09-01_825.PNG;-29,471251;-29,515226;-29,516260;-29,508722;25,890361;26,006965;25,664282;NaN;9,523940;9,530582;9,518431;9,527013;2,151280;2,142135;2,169117;12,004238
16-09-02_324;C:\Users\au540322\Documents\Projects\Ice-Nucleation\Builds\Full Build\Data\Calibration_7/Images/16-09-02_324.PNG;-29,471400;-29,515303;-29,516015;-29,508876;25,887979;26,005533;25,672101;NaN;9,523959;9,530591;9,518401;9,527032;2,151467;2,142247;2,168498;12,004181
16-09-02_825;C:\Users\au540322\Documents\Projects\Ice-Nucleation\Builds\Full Build\Data\Calibration_7/Images/16-09-02_825.PNG;-29,471318;-29,515543;-29,515727;-29,508803;25,884172;26,004627;25,676249;NaN;9,523948;9,530621;9,518365;9,527023;2,151766;2,142318;2,168169;12,004187
16-09-03_326;C:\Users\au540322\Documents\Projects\Ice-Nucleation\Builds\Full Build\Data\Calibration_7/Images/16-09-03_326.PNG;-29,471294;-29,515505;-29,515910;-29,508635;25,886872;26,005091;25,677401;NaN;9,523945;9,530616;9,518388;9,527003;2,151554;2,142282;2,168078;12,004199
16-09-03_825;C:\Users\au540322\Documents\Projects\Ice-Nucleation\Builds\Full Build\Data\Calibration_7/Images/16-09-03_825.PNG;-29,471232;-29,515380;-29,516030;-29,508900;25,893918;26,004672;25,677085;NaN;9,523938;9,530601;9,518403;9,527035;2,151000;2,142314;2,168103;12,004197
16-09-04_324;C:\Users\au540322\Documents\Projects\Ice-Nucleation\Builds\Full Build\Data\Calibration_7/Images/16-09-04_324.PNG;-29,470987;-29,515490;-29,516063;-29,508919;25,903265;26,006386;25,680337;NaN;9,523907;9,530615;9,518407;9,527038;2,150266;2,142180;2,167845;12,004193
16-09-04_825;C:\Users\au540322\Documents\Projects\Ice-Nucleation\Builds\Full Build\Data\Calibration_7/Images/16-09-04_825.PNG;-29,471131;-29,515505;-29,515554;-29,508900;25,910338;26,008252;25,685645;NaN;9,523925;9,530616;9,518344;9,527035;2,149710;2,142034;2,167425;12,004194
16-09-05_326;C:\Users\au540322\Documents\Projects\Ice-Nucleation\Builds\Full Build\Data\Calibration_7/Images/16-09-05_326.PNG;-29,471203;-29,515423;-29,516174;-29,508640;25,909055;26,009143;25,682724;NaN;9,523934;9,530606;9,518421;9,527003;2,149811;2,141965;2,167657;12,004190
16-09-05_824;C:\Users\au540322\Documents\Projects\Ice-Nucleation\Builds\Full Build\Data\Calibration_7/Images/16-09-05_824.PNG;-29,471357;-29,515288;-29,516044;-29,508770;25,911082;26,007368;25,671665;NaN;9,523953;9,530590;9,518405;9,527019;2,149652;2,142103;2,168532;12,004209
16-09-06_324;C:\Users\au540322\Documents\Projects\Ice-Nucleation\Builds\Full Build\Data\Calibration_7/Images/16-09-06_324.PNG;-29,471117;-29,515534;-29,516102;-29,508679;25,912289;26,005952;25,660189;NaN;9,523923;9,530620;9,518412;9,527008;2,149557;2,142214;2,169441;12,004201
16-09-06_826;C:\Users\au540322\Documents\Projects\Ice-Nucleation\Builds\Full Build\Data\Calibration_7/Images/16-09-06_826.PNG;-29,471006;-29,515346;-29,516030;-29,508698;25,912388;26,007673;25,654863;NaN;9,523910;9,530597;9,518403;9,527010;2,149549;2,142080;2,169863;12,004182
16-09-07_324;C:\Users\au540322\Documents\Projects\Ice-Nucleation\Builds\Full Build\Data\Calibration_7/Images/16-09-07_324.PNG;-29,471371;-29,515428;-29,515775;-29,508645;25,913253;26,010765;25,660249;NaN;9,523955;9,530607;9,518371;9,527004;2,149481;2,141838;2,169436;12,004219
16-09-07_825;C:\Users\au540322\Documents\Projects\Ice-Nucleation\Builds\Full Build\Data\Calibration_7/Images/16-09-07_825.PNG;-29,471174;-29,515370;-29,515785;-29,508803;25,916608;26,012807;25,668210;NaN;9,523931;9,530600;9,518372;9,527023;2,149218;2,141678;2,168806;12,004207
16-09-08_324;C:\Users\au540322\Documents\Projects\Ice-Nucleation\Builds\Full Build\Data\Calibration_7/Images/16-09-08_324.PNG;-29,471366;-29,515380;-29,515790;-29,508376;25,921574;26,014338;25,674871;NaN;9,523954;9,530601;9,518373;9,526970;2,148828;2,141558;2,168278;12,004166
16-09-08_824;C:\Users\au540322\Documents\Projects\Ice-Nucleation\Builds\Full Build\Data\Calibration_7/Images/16-09-08_824.PNG;-29,471400;-29,515134;-29,515948;-29,508539;25,925302;26,016083;25,678379;NaN;9,523959;9,530570;9,518393;9,526991;2,148535;2,141422;2,168000;12,004166
16-09-09_324;C:\Users\au540322\Documents\Projects\Ice-Nucleation\Builds\Full Build\Data\Calibration_7/Images/16-09-09_324.PNG;-29,471050;-29,515226;-29,515545;-29,508712;25,927011;26,015755;25,681188;NaN;9,523915;9,530582;9,518343;9,527012;2,148401;2,141447;2,167778;12,004218
16-09-09_824;C:\Users\au540322\Documents\Projects\Ice-Nucleation\Builds\Full Build\Data\Calibration_7/Images/16-09-09_824.PNG;-29,470992;-29,515356;-29,515790;-29,508803;25,928112;26,013889;25,685713;NaN;9,523908;9,530598;9,518373;9,527023;2,148315;2,141593;2,167420;12,004176
16-09-10_324;C:\Users\au540322\Documents\Projects\Ice-Nucleation\Builds\Full Build\Data\Calibration_7/Images/16-09-10_324.PNG;-29,471150;-29,515154;-29,516102;-29,508803;25,931682;26,015313;25,691444;NaN;9,523928;9,530573;9,518412;9,527023;2,148035;2,141482;2,166966;12,004215
16-09-10_824;C:\Users\au540322\Documents\Projects\Ice-Nucleation\Builds\Full Build\Data\Calibration_7/Images/16-09-10_824.PNG;-29,471136;-29,515433;-29,515257;-29,508457;25,937334;26,016456;25,697071;NaN;9,523926;9,530607;9,518307;9,526980;2,147591;2,141392;2,166521;12,004175
16-09-11_324;C:\Users\au540322\Documents\Projects\Ice-Nucleation\Builds\Full Build\Data\Calibration_7/Images/16-09-11_324.PNG;-29,471150;-29,515139;-29,515473;-29,508722;25,942911;26,016745;25,700680;NaN;9,523928;9,530571;9,518334;9,527013;2,147154;2,141370;2,166236;12,004171
16-09-11_825;C:\Users\au540322\Documents\Projects\Ice-Nucleation\Builds\Full Build\Data\Calibration_7/Images/16-09-11_825.PNG;-29,471155;-29,515139;-29,515430;-29,508505;25,949971;26,016684;25,705170;NaN;9,523928;9,530571;9,518328;9,526986;2,146600;2,141374;2,165880;12,004168
16-09-12_325;C:\Users\au540322\Documents\Projects\Ice-Nucleation\Builds\Full Build\Data\Calibration_7/Images/16-09-12_325.PNG;-29,471040;-29,515356;-29,515463;-29,508832;25,956508;26,015168;25,709466;NaN;9,523914;9,530598;9,518332;9,527027;2,146087;2,141493;2,165541;12,004207
16-09-12_824;C:\Users\au540322\Documents\Projects\Ice-Nucleation\Builds\Full Build\Data\Calibration_7/Images/16-09-12_824.PNG;-29,471059;-29,515423;-29,516193;-29,508587;25,962674;26,013462;25,713822;NaN;9,523916;9,530606;9,518423;9,526997;2,145604;2,141627;2,165196;12,004236
16-09-13_324;C:\Users\au540322\Documents\Projects\Ice-Nucleation\Builds\Full Build\Data\Calibration_7/Images/16-09-13_324.PNG;-29,471021;-29,515380;-29,515833;-29,508712;25,967739;26,009981;25,715111;NaN;9,523911;9,530601;9,518378;9,527012;2,145207;2,141899;2,165094;12,004212
16-09-13_824;C:\Users\au540322\Documents\Projects\Ice-Nucleation\Builds\Full Build\Data\Calibration_7/Images/16-09-13_824.PNG;-29,470752;-29,515442;-29,515823;-29,508683;25,968933;26,007704;25,716649;NaN;9,523878;9,530609;9,518377;9,527009;2,145113;2,142077;2,164973;12,004186
16-09-14_325;C:\Users\au540322\Documents\Projects\Ice-Nucleation\Builds\Full Build\Data\Calibration_7/Images/16-09-14_325.PNG;-29,470810;-29,515202;-29,516198;-29,508703;25,969367;26,004551;25,721979;NaN;9,523885;9,530579;9,518424;9,527011;2,145080;2,142324;2,164551;12,004244
16-09-14_825;C:\Users\au540322\Documents\Projects\Ice-Nucleation\Builds\Full Build\Data\Calibration_7/Images/16-09-14_825.PNG;-29,471251;-29,515462;-29,515972;-29,508823;25,970705;26,003660;25,725787;NaN;9,523940;9,530611;9,518396;9,527026;2,144975;2,142394;2,164250;12,004187
16-09-15_325;C:\Users\au540322\Documents\Projects\Ice-Nucleation\Builds\Full Build\Data\Calibration_7/Images/16-09-15_325.PNG;-29,471026;-29,515466;-29,515895;-29,508539;25,974920;26,003050;25,727718;NaN;9,523912;9,530612;9,518386;9,526991;2,144644;2,142441;2,164098;12,004195
16-09-15_825;C:\Users\au540322\Documents\Projects\Ice-Nucleation\Builds\Full Build\Data\Calibration_7/Images/16-09-15_825.PNG;-29,470901;-29,515255;-29,516073;-29,508876;25,982003;26,001817;25,729460;NaN;9,523897;9,530585;9,518408;9,527032;2,144089;2,142538;2,163960;12,004209
16-09-16_325;C:\Users\au540322\Documents\Projects\Ice-Nucleation\Builds\Full Build\Data\Calibration_7/Images/16-09-16_325.PNG;-29,471198;-29,515587;-29,515679;-29,508669;25,988403;26,002137;25,729188;NaN;9,523934;9,530627;9,518359;9,527007;2,143588;2,142513;2,163981;12,004207
16-09-16_825;C:\Users\au540322\Documents\Projects\Ice-Nucleation\Builds\Full Build\Data\Calibration_7/Images/16-09-16_825.PNG;-29,470675;-29,515596;-29,515938;-29,509106;25,987490;26,003317;25,723450;NaN;9,523869;9,530628;9,518391;9,527061;2,143660;2,142421;2,164435;12,004217
16-09-17_325;C:\Users\au540322\Documents\Projects\Ice-Nucleation\Builds\Full Build\Data\Calibration_7/Images/16-09-17_325.PNG;-29,471179;-29,514932;-29,515756;-29,508789;25,984453;26,003576;25,718127;NaN;9,523931;9,530545;9,518369;9,527022;2,143898;2,142400;2,164856;12,004216
16-09-17_824;C:\Users\au540322\Documents\Projects\Ice-Nucleation\Builds\Full Build\Data\Calibration_7/Images/16-09-17_824.PNG;-29,471237;-29,515519;-29,516034;-29,508765;25,980869;26,001436;25,714267;NaN;9,523938;9,530618;9,518403;9,527019;2,144178;2,142568;2,165161;12,004245
16-09-18_325;C:\Users\au540322\Documents\Projects\Ice-Nucleation\Builds\Full Build\Data\Calibration_7/Images/16-09-18_325.PNG;-29,471126;-29,515625;-29,516212;-29,509111;25,976357;26,000203;25,715918;NaN;9,523925;9,530631;9,518425;9,527062;2,144532;2,142664;2,165030;12,004233
16-09-18_825;C:\Users\au540322\Documents\Projects\Ice-Nucleation\Builds\Full Build\Data\Calibration_7/Images/16-09-18_825.PNG;-29,471074;-29,515466;-29,516078;-29,508539;25,972911;26,000461;25,721595;NaN;9,523918;9,530612;9,518409;9,526991;2,144802;2,142644;2,164582;12,004210
16-09-19_325;C:\Users\au540322\Documents\Projects\Ice-Nucleation\Builds\Full Build\Data\Calibration_7/Images/16-09-19_325.PNG;-29,471040;-29,515418;-29,516001;-29,508765;25,973680;26,002061;25,722522;NaN;9,523914;9,530606;9,518399;9,527019;2,144742;2,142519;2,164508;12,004165
16-09-19_825;C:\Users\au540322\Documents\Projects\Ice-Nucleation\Builds\Full Build\Data\Calibration_7/Images/16-09-19_825.PNG;-29,470997;-29,515380;-29,515881;-29,508727;25,978625;26,001162;25,724000;NaN;9,523908;9,530601;9,518384;9,527014;2,144354;2,142589;2,164391;12,004221
16-09-20_324;C:\Users\au540322\Documents\Projects\Ice-Nucleation\Builds\Full Build\Data\Calibration_7/Images/16-09-20_324.PNG;-29,470685;-29,515139;-29,515857;-29,508486;25,984598;25,998238;25,725863;NaN;9,523870;9,530571;9,518381;9,526984;2,143886;2,142818;2,164244;12,004200
16-09-20_824;C:\Users\au540322\Documents\Projects\Ice-Nucleation\Builds\Full Build\Data\Calibration_7/Images/16-09-20_824.PNG;-29,471222;-29,515115;-29,515919;-29,508885;25,989164;25,998489;25,726639;NaN;9,523936;9,530568;9,518389;9,527034;2,143529;2,142798;2,164183;12,004196
16-09-21_325;C:\Users\au540322\Documents\Projects\Ice-Nucleation\Builds\Full Build\Data\Calibration_7/Images/16-09-21_325.PNG;-29,471102;-29,515380;-29,515996;-29,508679;25,994942;25,998307;25,732839;NaN;9,523922;9,530601;9,518399;9,527008;2,143076;2,142813;2,163693;12,004218
16-09-21_825;C:\Users\au540322\Documents\Projects\Ice-Nucleation\Builds\Full Build\Data\Calibration_7/Images/16-09-21_825.PNG;-29,471026;-29,515404;-29,515919;-29,508650;25,998619;25,996708;25,733729;NaN;9,523912;9,530604;9,518389;9,527004;2,142788;2,142938;2,163623;12,004213
16-09-22_325;C:\Users\au540322\Documents\Projects\Ice-Nucleation\Builds\Full Build\Data\Calibration_7/Images/16-09-22_325.PNG;-29,470968;-29,515231;-29,515746;-29,508558;25,995497;25,996266;25,730840;NaN;9,523905;9,530582;9,518368;9,526993;2,143033;2,142972;2,163851;12,004254
16-09-22_825;C:\Users\au540322\Documents\Projects\Ice-Nucleation\Builds\Full Build\Data\Calibration_7/Images/16-09-22_825.PNG;-29,470886;-29,515365;-29,515799;-29,508544;25,992194;25,995315;25,729407;NaN;9,523895;9,530599;9,518374;9,526991;2,143291;2,143047;2,163964;12,004224
16-09-23_325;C:\Users\au540322\Documents\Projects\Ice-Nucleation\Builds\Full Build\Data\Calibration_7/Images/16-09-23_325.PNG;-29,471155;-29,515351;-29,516130;-29,508654;25,997005;25,992041;25,729754;NaN;9,523928;9,530597;9,518415;9,527005;2,142915;2,143303;2,163937;12,004219
16-09-23_824;C:\Users\au540322\Documents\Projects\Ice-Nucleation\Builds\Full Build\Data\Calibration_7/Images/16-09-23_824.PNG;-29,471251;-29,515163;-29,515828;-29,508861;26,003127;25,988677;25,732356;NaN;9,523940;9,530574;9,518378;9,527031;2,142435;2,143567;2,163731;12,004267
16-09-24_325;C:\Users\au540322\Documents\Projects\Ice-Nucleation\Builds\Full Build\Data\Calibration_7/Images/16-09-24_325.PNG;-29,470978;-29,515101;-29,515761;-29,508419;26,009851;25,985580;25,740330;NaN;9,523906;9,530566;9,518369;9,526976;2,141909;2,143809;2,163101;12,004207
16-09-24_824;C:\Users\au540322\Documents\Projects\Ice-Nucleation\Builds\Full Build\Data\Calibration_7/Images/16-09-24_824.PNG;-29,470891;-29,515158;-29,515833;-29,508563;26,016616;25,981014;25,736361;NaN;9,523895;9,530573;9,518378;9,526994;2,141380;2,144167;2,163414;12,004241
16-09-25_325;C:\Users\au540322\Documents\Projects\Ice-Nucleation\Builds\Full Build\Data\Calibration_7/Images/16-09-25_325.PNG;-29,470632;-29,515524;-29,516044;-29,508486;26,007825;25,978237;25,726594;NaN;9,523863;9,530619;9,518405;9,526984;2,142068;2,144385;2,164186;12,004236
16-09-25_825;C:\Users\au540322\Documents\Projects\Ice-Nucleation\Builds\Full Build\Data\Calibration_7/Images/16-09-25_825.PNG;-29,470762;-29,515341;-29,515775;-29,508558;25,992468;25,976122;25,720170;NaN;9,523879;9,530596;9,518371;9,526993;2,143270;2,144550;2,164694;12,004214
16-09-26_324;C:\Users\au540322\Documents\Projects\Ice-Nucleation\Builds\Full Build\Data\Calibration_7/Images/16-09-26_324.PNG;-29,471064;-29,515009;-29,515756;-29,508813;25,983905;25,975893;25,717463;NaN;9,523917;9,530555;9,518369;9,527025;2,143940;2,144568;2,164908;12,004190
16-09-26_825;C:\Users\au540322\Documents\Projects\Ice-Nucleation\Builds\Full Build\Data\Calibration_7/Images/16-09-26_825.PNG;-29,470949;-29,515437;-29,515665;-29,508611;25,977491;25,974098;25,719122;NaN;9,523903;9,530608;9,518357;9,527000;2,144443;2,144709;2,164777;12,004216
16-09-27_324;C:\Users\au540322\Documents\Projects\Ice-Nucleation\Builds\Full Build\Data\Calibration_7/Images/16-09-27_324.PNG;-29,471107;-29,515360;-29,515660;-29,508626;25,965671;25,972554;25,727122;NaN;9,523922;9,530598;9,518357;9,527001;2,145369;2,144830;2,164145;12,004172
16-09-27_824;C:\Users\au540322\Documents\Projects\Ice-Nucleation\Builds\Full Build\Data\Calibration_7/Images/16-09-27_824.PNG;-29,470776;-29,515101;-29,515958;-29,508606;25,955710;25,973976;25,737463;NaN;9,523881;9,530566;9,518394;9,526999;2,146150;2,144718;2,163327;12,004197
16-09-28_325;C:\Users\au540322\Documents\Projects\Ice-Nucleation\Builds\Full Build\Data\Calibration_7/Images/16-09-28_325.PNG;-29,470963;-29,515664;-29,515727;-29,508962;25,948930;25,973954;25,744117;NaN;9,523904;9,530636;9,518365;9,527043;2,146682;2,144720;2,162802;12,004218
16-09-28_825;C:\Users\au540322\Documents\Projects\Ice-Nucleation\Builds\Full Build\Data\Calibration_7/Images/16-09-28_825.PNG;-29,471213;-29,515332;-29,515588;-29,508621;25,945418;25,973132;25,747332;NaN;9,523935;9,530595;9,518348;9,527001;2,146957;2,144784;2,162548;12,004172
16-09-29_325;C:\Users\au540322\Documents\Projects\Ice-Nucleation\Builds\Full Build\Data\Calibration_7/Images/16-09-29_325.PNG;-29,470906;-29,515057;-29,515799;-29,508659;25,940084;25,971770;25,745159;NaN;9,523897;9,530561;9,518374;9,527006;2,147375;2,144891;2,162719;12,004174
16-09-29_825;C:\Users\au540322\Documents\Projects\Ice-Nucleation\Builds\Full Build\Data\Calibration_7/Images/16-09-29_825.PNG;-29,470790;-29,515250;-29,515809;-29,508837;25,933885;25,970203;25,736784;NaN;9,523883;9,530585;9,518375;9,527028;2,147862;2,145014;2,163381;12,004162
16-09-30_325;C:\Users\au540322\Documents\Projects\Ice-Nucleation\Builds\Full Build\Data\Calibration_7/Images/16-09-30_325.PNG;-29,470963;-29,515462;-29,515511;-29,508722;25,929616;25,968948;25,727816;NaN;9,523904;9,530611;9,518338;9,527013;2,148197;2,145112;2,164090;12,004168
16-09-30_825;C:\Users\au540322\Documents\Projects\Ice-Nucleation\Builds\Full Build\Data\Calibration_7/Images/16-09-30_825.PNG;-29,470574;-29,515298;-29,516054;-29,508515;25,923115;25,969648;25,719333;NaN;9,523856;9,530591;9,518406;9,526988;2,148707;2,145057;2,164760;12,004171
16-09-31_324;C:\Users\au540322\Documents\Projects\Ice-Nucleation\Builds\Full Build\Data\Calibration_7/Images/16-09-31_324.PNG;-29,470598;-29,515173;-29,516226;-29,508606;25,910649;25,969625;25,711433;NaN;9,523859;9,530575;9,518427;9,526999;2,149686;2,145059;2,165385;12,004173
16-09-31_825;C:\Users\au540322\Documents\Projects\Ice-Nucleation\Builds\Full Build\Data\Calibration_7/Images/16-09-31_825.PNG;-29,470934;-29,515442;-29,516241;-29,508453;25,906407;25,967777;25,701847;NaN;9,523901;9,530609;9,518429;9,526980;2,150019;2,145204;2,166143;12,004170
16-09-32_325;C:\Users\au540322\Documents\Projects\Ice-Nucleation\Builds\Full Build\Data\Calibration_7/Images/16-09-32_325.PNG;-29,471040;-29,515462;-29,515473;-29,508707;25,907826;25,968386;25,691324;NaN;9,523914;9,530611;9,518334;9,527011;2,149907;2,145156;2,166976;12,004209
16-09-32_825;C:\Users\au540322\Documents\Projects\Ice-Nucleation\Builds\Full Build\Data\Calibration_7/Images/16-09-32_825.PNG;-29,471126;-29,515466;-29,515607;-29,508534;25,906460;25,968218;25,689893;NaN;9,523925;9,530612;9,518350;9,526990;2,150015;2,145170;2,167089;12,004222
16-09-33_326;C:\Users\au540322\Documents\Projects\Ice-Nucleation\Builds\Full Build\Data\Calibration_7/Images/16-09-33_326.PNG;-29,471251;-29,514778;-29,515770;-29,508304;25,908266;25,969519;25,696355;NaN;9,523940;9,530526;9,518371;9,526961;2,149873;2,145068;2,166578;12,004168
16-09-33_824;C:\Users\au540322\Documents\Projects\Ice-Nucleation\Builds\Full Build\Data\Calibration_7/Images/16-09-33_824.PNG;-29,470968;-29,515385;-29,515756;-29,508554;25,903622;25,971854;25,704560;NaN;9,523905;9,530601;9,518369;9,526992;2,150238;2,144885;2,165929;12,004199
16-09-34_325;C:\Users\au540322\Documents\Projects\Ice-Nucleation\Builds\Full Build\Data\Calibration_7/Images/16-09-34_325.PNG;-29,471117;-29,515510;-29,515698;-29,508712;25,893645;25,974205;25,708931;NaN;9,523923;9,530617;9,518362;9,527012;2,151021;2,144700;2,165583;12,004170
16-09-34_825;C:\Users\au540322\Documents\Projects\Ice-Nucleation\Builds\Full Build\Data\Calibration_7/Images/16-09-34_825.PNG;-29,471131;-29,514956;-29,515919;-29,508304;25,882398;25,977354;25,715609;NaN;9,523925;9,530548;9,518389;9,526961;2,151905;2,144454;2,165055;12,004165
16-09-35_325;C:\Users\au540322\Documents\Projects\Ice-Nucleation\Builds\Full Build\Data\Calibration_7/Images/16-09-35_325.PNG;-29,470882;-29,515062;-29,515650;-29,508573;25,875832;25,979256;25,721127;NaN;9,523894;9,530562;9,518356;9,526995;2,152422;2,144305;2,164619;12,004169
16-09-35_825;C:\Users\au540322\Documents\Projects\Ice-Nucleation\Builds\Full Build\Data\Calibration_7/Images/16-09-35_825.PNG;-29,470805;-29,515567;-29,515804;-29,508794;25,868176;25,981478;25,728050;NaN;9,523885;9,530624;9,518375;9,527022;2,153024;2,144131;2,164071;12,004141
16-09-36_325;C:\Users\au540322\Documents\Projects\Ice-Nucleation\Builds\Full Build\Data\Calibration_7/Images/16-09-36_325.PNG;-29,471309;-29,515495;-29,515886;-29,508669;25,862432;25,984035;25,733525;NaN;9,523947;9,530615;9,518385;9,527007;2,153475;2,143930;2,163639;12,004178
16-09-36_824;C:\Users\au540322\Documents\Projects\Ice-Nucleation\Builds\Full Build\Data\Calibration_7/Images/16-09-36_824.PNG;-29,470877;-29,515178;-29,516030;-29,508760;25,858053;25,986249;25,733933;NaN;9,523894;9,530576;9,518403;9,527018;2,153820;2,143757;2,163606;12,004168
16-09-37_326;C:\Users\au540322\Documents\Projects\Ice-Nucleation\Builds\Full Build\Data\Calibration_7/Images/16-09-37_326.PNG;-29,471165;-29,515264;-29,515905;-29,508784;25,856424;25,988654;25,735358;NaN;9,523929;9,530587;9,518387;9,527021;2,153948;2,143569;2,163494;12,004202
16-09-37_825;C:\Users\au540322\Documents\Projects\Ice-Nucleation\Builds\Full Build\Data\Calibration_7/Images/16-09-37_825.PNG;-29,471136;-29,515591;-29,516039;-29,508376;25,856712;25,989111;25,738579;NaN;9,523926;9,530627;9,518404;9,526970;2,153925;2,143533;2,163239;12,004213
16-09-38_324;C:\Users\au540322\Documents\Projects\Ice-Nucleation\Builds\Full Build\Data\Calibration_7/Images/16-09-38_324.PNG;-29,471002;-29,515471;-29,515727;-29,508582;25,860030;25,989887;25,744268;NaN;9,523909;9,530612;9,518365;9,526996;2,153664;2,143472;2,162790;12,004171
16-09-38_825;C:\Users\au540322\Documents\Projects\Ice-Nucleation\Builds\Full Build\Data\Calibration_7/Images/16-09-38_825.PNG;-29,470968;-29,515524;-29,515502;-29,508539;25,863910;25,992589;25,750223;NaN;9,523905;9,530619;9,518337;9,526991;2,153359;2,143260;2,162320;12,004178
16-09-39_326;C:\Users\au540322\Documents\Projects\Ice-Nucleation\Builds\Full Build\Data\Calibration_7/Images/16-09-39_326.PNG;-29,470781;-29,515380;-29,515468;-29,508779;25,869290;25,993747;25,756420;NaN;9,523882;9,530601;9,518333;9,527020;2,152936;2,143170;2,161830;12,004186
16-09-39_826;C:\Users\au540322\Documents\Projects\Ice-Nucleation\Builds\Full Build\Data\Calibration_7/Images/16-09-39_826.PNG;-29,471414;-29,515471;-29,516006;-29,508789;25,873906;25,995810;25,762097;NaN;9,523960;9,530612;9,518400;9,527022;2,152573;2,143008;2,161382;12,004211
16-09-40_325;C:\Users\au540322\Documents\Projects\Ice-Nucleation\Builds\Full Build\Data\Calibration_7/Images/16-09-40_325.PNG;-29,470824;-29,515115;-29,515770;-29,508578;25,874718;25,998002;25,763630;NaN;9,523887;9,530568;9,518371;9,526995;2,152509;2,142837;2,161261;12,004218
16-09-40_824;C:\Users\au540322\Documents\Projects\Ice-Nucleation\Builds\Full Build\Data\Calibration_7/Images/16-09-40_824.PNG;-29,471112;-29,515308;-29,515809;-29,508371;25,875165;26,000294;25,762309;NaN;9,523923;9,530592;9,518375;9,526970;2,152474;2,142657;2,161365;12,004234
16-09-41_324;C:\Users\au540322\Documents\Projects\Ice-Nucleation\Builds\Full Build\Data\Calibration_7/Images/16-09-41_324.PNG;-29,471040;-29,515187;-29,515770;-29,508385;25,877651;26,003157;25,761101;NaN;9,523914;9,530577;9,518371;9,526972;2,152279;2,142433;2,161461;12,004186
16-09-41_825;C:\Users\au540322\Documents\Projects\Ice-Nucleation\Builds\Full Build\Data\Calibration_7/Images/16-09-41_825.PNG;-29,470810;-29,515245;-29,515809;-29,508534;25,883581;26,005990;25,759515;NaN;9,523885;9,530584;9,518375;9,526990;2,151812;2,142211;2,161586;12,004209
16-09-42_324;C:\Users\au540322\Documents\Projects\Ice-Nucleation\Builds\Full Build\Data\Calibration_7/Images/16-09-42_324.PNG;-29,471078;-29,515178;-29,515833;-29,508486;25,884855;26,010461;25,759960;NaN;9,523919;9,530576;9,518378;9,526984;2,151712;2,141861;2,161551;12,004221
16-09-42_824;C:\Users\au540322\Documents\Projects\Ice-Nucleation\Builds\Full Build\Data\Calibration_7/Images/16-09-42_824.PNG;-29,470632;-29,515192;-29,515996;-29,508558;25,884377;26,013561;25,759575;NaN;9,523863;9,530578;9,518399;9,526993;2,151750;2,141619;2,161581;12,004221
16-09-43_325;C:\Users\au540322\Documents\Projects\Ice-Nucleation\Builds\Full Build\Data\Calibration_7/Images/16-09-43_325.PNG;-29,471194;-29,515707;-29,515982;-29,509039;25,885408;26,017385;25,759251;NaN;9,523933;9,530641;9,518397;9,527053;2,151669;2,141320;2,161607;12,004185
16-09-43_825;C:\Users\au540322\Documents\Projects\Ice-Nucleation\Builds\Full Build\Data\Calibration_7/Images/16-09-43_825.PNG;-29,471146;-29,515606;-29,516087;-29,508501;25,889534;26,020829;25,759183;NaN;9,523927;9,530629;9,518410;9,526986;2,151345;2,141050;2,161612;12,004197
16-09-44_324;C:\Users\au540322\Documents\Projects\Ice-Nucleation\Builds\Full Build\Data\Calibration_7/Images/16-09-44_324.PNG;-29,471318;-29,515216;-29,515943;-29,508635;25,894783;26,024129;25,758949;NaN;9,523948;9,530581;9,518392;9,527003;2,150932;2,140792;2,161631;12,004237
16-09-44_825;C:\Users\au540322\Documents\Projects\Ice-Nucleation\Builds\Full Build\Data\Calibration_7/Images/16-09-44_825.PNG;-29,471064;-29,515259;-29,515780;-29,508803;25,900928;26,027513;25,758345;NaN;9,523917;9,530586;9,518372;9,527023;2,150449;2,140527;2,161678;12,004194
16-09-45_324;C:\Users\au540322\Documents\Projects\Ice-Nucleation\Builds\Full Build\Data\Calibration_7/Images/16-09-45_324.PNG;-29,471266;-29,515548;-29,516370;-29,508544;25,904312;26,030195;25,755438;NaN;9,523942;9,530622;9,518445;9,526991;2,150183;2,140318;2,161908;12,004197
16-09-45_825;C:\Users\au540322\Documents\Projects\Ice-Nucleation\Builds\Full Build\Data\Calibration_7/Images/16-09-45_825.PNG;-29,470853;-29,515486;-29,515986;-29,509246;25,908957;26,029921;25,750585;NaN;9,523891;9,530614;9,518397;9,527078;2,149819;2,140339;2,162291;12,004238
16-09-46_324;C:\Users\au540322\Documents\Projects\Ice-Nucleation\Builds\Full Build\Data\Calibration_7/Images/16-09-46_324.PNG;-29,471054;-29,515158;-29,515871;-29,508727;25,912008;26,030577;25,745634;NaN;9,523916;9,530573;9,518383;9,527014;2,149579;2,140288;2,162682;12,004268
16-09-46_824;C:\Users\au540322\Documents\Projects\Ice-Nucleation\Builds\Full Build\Data\Calibration_7/Images/16-09-46_824.PNG;-29,471117;-29,515269;-29,515871;-29,508765;25,910976;26,030104;25,738278;NaN;9,523923;9,530587;9,518383;9,527019;2,149660;2,140325;2,163263;12,004179
16-09-47_324;C:\Users\au540322\Documents\Projects\Ice-Nucleation\Builds\Full Build\Data\Calibration_7/Images/16-09-47_324.PNG;-29,470920;-29,515231;-29,515876;-29,508703;25,907940;26,029083;25,731315;NaN;9,523899;9,530582;9,518384;9,527011;2,149899;2,140405;2,163813;12,004166
16-09-47_825;C:\Users\au540322\Documents\Projects\Ice-Nucleation\Builds\Full Build\Data\Calibration_7/Images/16-09-47_825.PNG;-29,470858;-29,515418;-29,515790;-29,508784;25,900465;26,028953;25,722839;NaN;9,523891;9,530606;9,518373;9,527021;2,150486;2,140415;2,164483;12,004231
16-09-48_324;C:\Users\au540322\Documents\Projects\Ice-Nucleation\Builds\Full Build\Data\Calibration_7/Images/16-09-48_324.PNG;-29,471318;-29,515072;-29,515684;-29,508799;25,899008;26,029006;25,712420;NaN;9,523948;9,530563;9,518360;9,527023;2,150600;2,140411;2,165307;12,004244
16-09-48_825;C:\Users\au540322\Documents\Projects\Ice-Nucleation\Builds\Full Build\Data\Calibration_7/Images/16-09-48_825.PNG;-29,470954;-29,515240;-29,515986;-29,509015;25,898075;26,028359;25,701998;NaN;9,523903;9,530584;9,518397;9,527050;2,150673;2,140461;2,166131;12,004202
16-09-49_325;C:\Users\au540322\Documents\Projects\Ice-Nucleation\Builds\Full Build\Data\Calibration_7/Images/16-09-49_325.PNG;-29,471198;-29,515221;-29,515727;-29,508746;25,898629;26,027490;25,693817;NaN;9,523934;9,530581;9,518365;9,527016;2,150630;2,140529;2,166779;12,004204
16-09-49_825;C:\Users\au540322\Documents\Projects\Ice-Nucleation\Builds\Full Build\Data\Calibration_7/Images/16-09-49_825.PNG;-29,470618;-29,515192;-29,515847;-29,508832;25,899798;26,026613;25,687769;NaN;9,523861;9,530578;9,518380;9,527027;2,150538;2,140598;2,167257;12,004214
16-09-50_324;C:\Users\au540322\Documents\Projects\Ice-Nucleation\Builds\Full Build\Data\Calibration_7/Images/16-09-50_324.PNG;-29,470997;-29,515072;-29,515991;-29,508558;25,899646;26,023214;25,681398;NaN;9,523908;9,530563;9,518398;9,526993;2,150550;2,140864;2,167761;12,004246
16-09-50_825;C:\Users\au540322\Documents\Projects\Ice-Nucleation\Builds\Full Build\Data\Calibration_7/Images/16-09-50_825.PNG;-29,471227;-29,515534;-29,516063;-29,508693;25,903766;26,018886;25,677288;NaN;9,523937;9,530620;9,518407;9,527010;2,150226;2,141202;2,168087;12,004250
16-09-51_324;C:\Users\au540322\Documents\Projects\Ice-Nucleation\Builds\Full Build\Data\Calibration_7/Images/16-09-51_324.PNG;-29,471280;-29,515413;-29,516476;-29,508880;25,910991;26,013683;25,674405;NaN;9,523944;9,530605;9,518458;9,527033;2,149659;2,141609;2,168315;12,004249
16-09-51_826;C:\Users\au540322\Documents\Projects\Ice-Nucleation\Builds\Full Build\Data\Calibration_7/Images/16-09-51_826.PNG;-29,470901;-29,515510;-29,515574;-29,509039;25,919508;26,006104;25,668481;NaN;9,523897;9,530617;9,518346;9,527053;2,148990;2,142202;2,168784;12,004185
16-09-52_325;C:\Users\au540322\Documents\Projects\Ice-Nucleation\Builds\Full Build\Data\Calibration_7/Images/16-09-52_325.PNG;-29,470584;-29,515389;-29,515689;-29,508703;25,926373;25,998718;25,660821;NaN;9,523857;9,530602;9,518360;9,527011;2,148451;2,142781;2,169391;12,004202
16-09-52_824;C:\Users\au540322\Documents\Projects\Ice-Nucleation\Builds\Full Build\Data\Calibration_7/Images/16-09-52_824.PNG;-29,471002;-29,515462;-29,515727;-29,508539;25,928993;25,992894;25,658135;NaN;9,523909;9,530611;9,518365;9,526991;2,148246;2,143237;2,169604;12,004237
16-09-53_325;C:\Users\au540322\Documents\Projects\Ice-Nucleation\Builds\Full Build\Data\Calibration_7/Images/16-09-53_325.PNG;-29,470910;-29,515255;-29,515876;-29,508938;25,930368;25,988860;25,656428;NaN;9,523898;9,530585;9,518384;9,527040;2,148138;2,143552;2,169739;12,004237
16-09-53_825;C:\Users\au540322\Documents\Projects\Ice-Nucleation\Builds\Full Build\Data\Calibration_7/Images/16-09-53_825.PNG;-29,471040;-29,515110;-29,515578;-29,508462;25,931925;25,984628;25,650877;NaN;9,523914;9,530567;9,518347;9,526981;2,148016;2,143884;2,170179;12,004182
16-09-54_325;C:\Users\au540322\Documents\Projects\Ice-Nucleation\Builds\Full Build\Data\Calibration_7/Images/16-09-54_325.PNG;-29,470771;-29,515538;-29,515790;-29,508659;25,935921;25,980816;25,648387;NaN;9,523880;9,530621;9,518373;9,527006;2,147702;2,144182;2,170376;12,004214
16-09-54_824;C:\Users\au540322\Documents\Projects\Ice-Nucleation\Builds\Full Build\Data\Calibration_7/Images/16-09-54_824.PNG;-29,470978;-29,515303;-29,515823;-29,508909;25,938678;25,977598;25,653035;NaN;9,523906;9,530591;9,518377;9,527037;2,147486;2,144435;2,170008;12,004209
16-09-55_324;C:\Users\au540322\Documents\Projects\Ice-Nucleation\Builds\Full Build\Data\Calibration_7/Images/16-09-55_324.PNG;-29,470958;-29,515375;-29,515545;-29,508400;25,945434;25,974608;25,660746;NaN;9,523904;9,530600;9,518343;9,526973;2,146956;2,144669;2,169397;12,004225
16-09-55_825;C:\Users\au540322\Documents\Projects\Ice-Nucleation\Builds\Full Build\Data\Calibration_7/Images/16-09-55_825.PNG;-29,470963;-29,515462;-29,515780;-29,508818;25,950047;25,971512;25,665215;NaN;9,523904;9,530611;9,518372;9,527025;2,146594;2,144911;2,169043;12,004196
16-09-56_325;C:\Users\au540322\Documents\Projects\Ice-Nucleation\Builds\Full Build\Data\Calibration_7/Images/16-09-56_325.PNG;-29,470670;-29,515173;-29,516188;-29,508832;25,951704;25,969747;25,669595;NaN;9,523868;9,530575;9,518422;9,527027;2,146464;2,145050;2,168696;12,004193
16-09-56_825;C:\Users\au540322\Documents\Projects\Ice-Nucleation\Builds\Full Build\Data\Calibration_7/Images/16-09-56_825.PNG;-29,470565;-29,515077;-29,515698;-29,508549;25,958059;25,968211;25,670265;NaN;9,523855;9,530563;9,518362;9,526992;2,145966;2,145170;2,168643;12,004202
16-09-57_324;C:\Users\au540322\Documents\Projects\Ice-Nucleation\Builds\Full Build\Data\Calibration_7/Images/16-09-57_324.PNG;-29,470973;-29,515173;-29,515977;-29,508736;25,965245;25,965541;25,672335;NaN;9,523905;9,530575;9,518396;9,527015;2,145403;2,145379;2,168479;12,004226
16-09-57_824;C:\Users\au540322\Documents\Projects\Ice-Nucleation\Builds\Full Build\Data\Calibration_7/Images/16-09-57_824.PNG;-29,471270;-29,515072;-29,515823;-29,508717;25,968568;25,963564;25,670167;NaN;9,523942;9,530563;9,518377;9,527013;2,145142;2,145534;2,168651;12,004179
16-09-58_325;C:\Users\au540322\Documents\Projects\Ice-Nucleation\Builds\Full Build\Data\Calibration_7/Images/16-09-58_325.PNG;-29,470877;-29,515264;-29,515737;-29,508895;25,971694;25,962857;25,667052;NaN;9,523894;9,530587;9,518366;9,527035;2,144897;2,145590;2,168898;12,004213
16-09-58_825;C:\Users\au540322\Documents\Projects\Ice-Nucleation\Builds\Full Build\Data\Calibration_7/Images/16-09-58_825.PNG;-29,471107;-29,515558;-29,515684;-29,508852;25,975011;25,962416;25,665080;NaN;9,523922;9,530623;9,518360;9,527029;2,144637;2,145624;2,169054;12,004221
16-09-59_325;C:\Users\au540322\Documents\Projects\Ice-Nucleation\Builds\Full Build\Data\Calibration_7/Images/16-09-59_325.PNG;-29,471002;-29,515259;-29,515886;-29,508919;25,978754;25,961222;25,662657;NaN;9,523909;9,530586;9,518385;9,527038;2,144344;2,145718;2,169246;12,004243
16-09-59_824;C:\Users\au540322\Documents\Projects\Ice-Nucleation\Builds\Full Build\Data\Calibration_7/Images/16-09-59_824.PNG;-29,470968;-29,515553;-29,516097;-29,508241;25,983274;25,958264;25,657639;NaN;9,523905;9,530622;9,518411;9,526954;2,143990;2,145950;2,169643;12,004206
16-10-00_325;C:\Users\au540322\Documents\Projects\Ice-Nucleation\Builds\Full Build\Data\Calibration_7/Images/16-10-00_325.PNG;-29,470915;-29,515255;-29,515799;-29,508784;25,987840;25,955832;25,651757;NaN;9,523898;9,530585;9,518374;9,527021;2,143632;2,146140;2,170109;12,004224
16-10-00_824;C:\Users\au540322\Documents\Projects\Ice-Nucleation\Builds\Full Build\Data\Calibration_7/Images/16-10-00_824.PNG;-29,471184;-29,515221;-29,515665;-29,508481;25,988525;25,956242;25,650606;NaN;9,523932;9,530581;9,518357;9,526983;2,143579;2,146108;2,170200;12,004201
16-10-01_324;C:\Users\au540322\Documents\Projects\Ice-Nucleation\Builds\Full Build\Data\Calibration_7/Images/16-10-01_324.PNG;-29,470987;-29,515303;-29,515804;-29,508741;25,988593;25,955375;25,651253;NaN;9,523907;9,530591;9,518375;9,527016;2,143573;2,146176;2,170149;12,004208
16-10-01_824;C:\Users\au540322\Documents\Projects\Ice-Nucleation\Builds\Full Build\Data\Calibration_7/Images/16-10-01_824.PNG;-29,470728;-29,514889;-29,515598;-29,508457;25,990451;25,954281;25,649959;NaN;9,523875;9,530540;9,518349;9,526980;2,143428;2,146262;2,170252;12,004176
16-10-02_325;C:\Users\au540322\Documents\Projects\Ice-Nucleation\Builds\Full Build\Data\Calibration_7/Images/16-10-02_325.PNG;-29,471112;-29,515207;-29,515727;-29,508395;25,987452;25,954851;25,650380;NaN;9,523923;9,530579;9,518365;9,526973;2,143663;2,146217;2,170218;12,004216
16-10-02_825;C:\Users\au540322\Documents\Projects\Ice-Nucleation\Builds\Full Build\Data\Calibration_7/Images/16-10-02_825.PNG;-29,471290;-29,515346;-29,515444;-29,508352;25,986211;25,955474;25,651170;NaN;9,523945;9,530597;9,518330;9,526967;2,143760;2,146168;2,170156;12,004182
16-10-03_326;C:\Users\au540322\Documents\Projects\Ice-Nucleation\Builds\Full Build\Data\Calibration_7/Images/16-10-03_326.PNG;-29,470973;-29,515486;-29,515444;-29,509001;25,987064;25,956858;25,650305;NaN;9,523905;9,530614;9,518330;9,527048;2,143693;2,146060;2,170224;12,004214
16-10-03_825;C:\Users\au540322\Documents\Projects\Ice-Nucleation\Builds\Full Build\Data\Calibration_7/Images/16-10-03_825.PNG;-29,470661;-29,515428;-29,515698;-29,508659;25,992879;25,957709;25,649049;NaN;9,523867;9,530607;9,518362;9,527006;2,143238;2,145993;2,170324;12,004194
16-10-04_324;C:\Users\au540322\Documents\Projects\Ice-Nucleation\Builds\Full Build\Data\Calibration_7/Images/16-10-04_324.PNG;-29,471150;-29,515375;-29,515761;-29,509005;25,997439;25,957276;25,649568;NaN;9,523928;9,530600;9,518369;9,527048;2,142881;2,146027;2,170283;12,004221
16-10-04_825;C:\Users\au540322\Documents\Projects\Ice-Nucleation\Builds\Full Build\Data\Calibration_7/Images/16-10-04_825.PNG;-29,471246;-29,515543;-29,515857;-29,508626;26,001878;25,957717;25,652373;NaN;9,523939;9,530621;9,518381;9,527001;2,142533;2,145993;2,170060;12,004188
16-10-05_325;C:\Users\au540322\Documents\Projects\Ice-Nucleation\Builds\Full Build\Data\Calibration_7/Images/16-10-05_325.PNG;-29,471294;-29,515649;-29,515929;-29,508808;26,006317;25,956508;25,654728;NaN;9,523945;9,530634;9,518390;9,527024;2,142186;2,146087;2,169874;12,004213
16-10-05_825;C:\Users\au540322\Documents\Projects\Ice-Nucleation\Builds\Full Build\Data\Calibration_7/Images/16-10-05_825.PNG;-29,470843;-29,515418;-29,515679;-29,508669;26,010088;25,957481;25,656563;NaN;9,523889;9,530606;9,518359;9,527007;2,141891;2,146011;2,169728;12,004269
16-10-06_325;C:\Users\au540322\Documents\Projects\Ice-Nucleation\Builds\Full Build\Data\Calibration_7/Images/16-10-06_325.PNG;-29,470954;-29,515457;-29,515948;-29,508433;26,014727;25,957831;25,658075;NaN;9,523903;9,530610;9,518393;9,526978;2,141528;2,145984;2,169609;12,004196
16-10-06_825;C:\Users\au540322\Documents\Projects\Ice-Nucleation\Builds\Full Build\Data\Calibration_7/Images/16-10-06_825.PNG;-29,471074;-29,515231;-29,516154;-29,508587;26,019572;25,959108;25,659008;NaN;9,523918;9,530582;9,518418;9,526997;2,141149;2,145884;2,169535;12,004193
16-10-07_324;C:\Users\au540322\Documents\Projects\Ice-Nucleation\Builds\Full Build\Data\Calibration_7/Images/16-10-07_324.PNG;-29,470810;-29,515197;-29,515516;-29,508352;26,023565;25,959641;25,659294;NaN;9,523885;9,530578;9,518339;9,526967;2,140836;2,145842;2,169512;12,004215
16-10-07_824;C:\Users\au540322\Documents\Projects\Ice-Nucleation\Builds\Full Build\Data\Calibration_7/Images/16-10-07_824.PNG;-29,470925;-29,515043;-29,515905;-29,508467;26,028641;25,959861;25,658090;NaN;9,523900;9,530559;9,518387;9,526982;2,140439;2,145825;2,169607;12,004220
16-10-08_325;C:\Users\au540322\Documents\Projects\Ice-Nucleation\Builds\Full Build\Data\Calibration_7/Images/16-10-08_325.PNG;-29,470694;-29,515481;-29,515631;-29,508448;26,034281;25,958895;25,654585;NaN;9,523871;9,530613;9,518353;9,526979;2,139998;2,145900;2,169885;12,004199
16-10-08_825;C:\Users\au540322\Documents\Projects\Ice-Nucleation\Builds\Full Build\Data\Calibration_7/Images/16-10-08_825.PNG;-29,471083;-29,515106;-29,515593;-29,508544;26,039877;25,957337;25,648726;NaN;9,523919;9,530567;9,518349;9,526991;2,139561;2,146022;2,170349;12,004191
16-10-09_325;C:\Users\au540322\Documents\Projects\Ice-Nucleation\Builds\Full Build\Data\Calibration_7/Images/16-10-09_325.PNG;-29,470853;-29,515106;-29,515914;-29,508669;26,043034;25,957208;25,644853;NaN;9,523891;9,530567;9,518388;9,527007;2,139314;2,146033;2,170656;12,004200
16-10-09_825;C:\Users\au540322\Documents\Projects\Ice-Nucleation\Builds\Full Build\Data\Calibration_7/Images/16-10-09_825.PNG;-29,471165;-29,515072;-29,515799;-29,508679;26,046718;25,957018;25,642951;NaN;9,523929;9,530563;9,518374;9,527008;2,139026;2,146047;2,170807;12,004172
16-10-10_325;C:\Users\au540322\Documents\Projects\Ice-Nucleation\Builds\Full Build\Data\Calibration_7/Images/16-10-10_325.PNG;-29,471074;-29,515336;-29,515511;-29,508366;26,049555;25,956835;25,642229;NaN;9,523918;9,530596;9,518338;9,526969;2,138804;2,146062;2,170864;12,004194
16-10-10_824;C:\Users\au540322\Documents\Projects\Ice-Nucleation\Builds\Full Build\Data\Calibration_7/Images/16-10-10_824.PNG;-29,471333;-29,515259;-29,516265;-29,509044;26,053651;25,955588;25,641890;NaN;9,523950;9,530586;9,518432;9,527053;2,138484;2,146160;2,170891;12,004206
16-10-11_325;C:\Users\au540322\Documents\Projects\Ice-Nucleation\Builds\Full Build\Data\Calibration_7/Images/16-10-11_325.PNG;-29,471270;-29,515322;-29,515660;-29,508645;26,057817;25,956052;25,643206;NaN;9,523942;9,530594;9,518357;9,527004;2,138159;2,146123;2,170787;12,004166
16-10-11_825;C:\Users\au540322\Documents\Projects\Ice-Nucleation\Builds\Full Build\Data\Calibration_7/Images/16-10-11_825.PNG;-29,471155;-29,515308;-29,515828;-29,508736;26,064417;25,956136;25,644710;NaN;9,523928;9,530592;9,518378;9,527015;2,137643;2,146117;2,170668;12,004170
16-10-12_325;C:\Users\au540322\Documents\Projects\Ice-Nucleation\Builds\Full Build\Data\Calibration_7/Images/16-10-12_325.PNG;-29,471045;-29,515409;-29,515852;-29,509077;26,065264;25,955497;25,647771;NaN;9,523914;9,530604;9,518381;9,527057;2,137577;2,146167;2,170425;12,004229
16-10-12_826;C:\Users\au540322\Documents\Projects\Ice-Nucleation\Builds\Full Build\Data\Calibration_7/Images/16-10-12_826.PNG;-29,471318;-29,515197;-29,515468;-29,508645;26,060342;25,955550;25,653938;NaN;9,523948;9,530578;9,518333;9,527004;2,137962;2,146163;2,169936;12,004234
16-10-13_326;C:\Users\au540322\Documents\Projects\Ice-Nucleation\Builds\Full Build\Data\Calibration_7/Images/16-10-13_326.PNG;-29,471261;-29,515351;-29,515828;-29,508457;26,058572;25,955695;25,657744;NaN;9,523941;9,530597;9,518378;9,526980;2,138100;2,146151;2,169635;12,004240
16-10-13_824;C:\Users\au540322\Documents\Projects\Ice-Nucleation\Builds\Full Build\Data\Calibration_7/Images/16-10-13_824.PNG;-29,470925;-29,515471;-29,515847;-29,508611;26,059381;25,955847;25,665411;NaN;9,523900;9,530612;9,518380;9,527000;2,138037;2,146139;2,169027;12,004204
16-10-14_325;C:\Users\au540322\Documents\Projects\Ice-Nucleation\Builds\Full Build\Data\Calibration_7/Images/16-10-14_325.PNG;-29,470939;-29,515101;-29,515626;-29,508342;26,060838;25,955862;25,673780;NaN;9,523901;9,530566;9,518353;9,526966;2,137923;2,146138;2,168365;12,004194
16-10-14_824;C:\Users\au540322\Documents\Projects\Ice-Nucleation\Builds\Full Build\Data\Calibration_7/Images/16-10-14_824.PNG;-29,471059;-29,515370;-29,515790;-29,508529;26,064356;25,955968;25,682468;NaN;9,523916;9,530600;9,518373;9,526989;2,137648;2,146130;2,167677;12,004171
16-10-15_325;C:\Users\au540322\Documents\Projects\Ice-Nucleation\Builds\Full Build\Data\Calibration_7/Images/16-10-15_325.PNG;-29,470824;-29,515101;-29,515698;-29,508496;26,068348;25,956014;25,684207;NaN;9,523887;9,530566;9,518362;9,526985;2,137336;2,146126;2,167539;12,004227
16-10-15_825;C:\Users\au540322\Documents\Projects\Ice-Nucleation\Builds\Full Build\Data\Calibration_7/Images/16-10-15_825.PNG;-29,471088;-29,515072;-29,515444;-29,508284;26,074447;25,955307;25,679072;NaN;9,523920;9,530563;9,518330;9,526959;2,136860;2,146182;2,167946;12,004200
16-10-16_324;C:\Users\au540322\Documents\Projects\Ice-Nucleation\Builds\Full Build\Data\Calibration_7/Images/16-10-16_324.PNG;-29,471141;-29,515207;-29,515895;-29,508563;26,080952;25,954456;25,672372;NaN;9,523926;9,530579;9,518386;9,526994;2,136352;2,146248;2,168476;12,004231
16-10-16_825;C:\Users\au540322\Documents\Projects\Ice-Nucleation\Builds\Full Build\Data\Calibration_7/Images/16-10-16_825.PNG;-29,470939;-29,515130;-29,515746;-29,508698;26,087007;25,953977;25,665554;NaN;9,523901;9,530570;9,518368;9,527010;2,135880;2,146286;2,169016;12,004196
16-10-17_325;C:\Users\au540322\Documents\Projects\Ice-Nucleation\Builds\Full Build\Data\Calibration_7/Images/16-10-17_325.PNG;-29,471122;-29,515519;-29,515838;-29,508904;26,092759;25,953756;25,662288;NaN;9,523924;9,530618;9,518379;9,527036;2,135431;2,146303;2,169275;12,004188
16-10-17_825;C:\Users\au540322\Documents\Projects\Ice-Nucleation\Builds\Full Build\Data\Calibration_7/Images/16-10-17_825.PNG;-29,471285;-29,515096;-29,515612;-29,508755;26,098275;25,953414;25,664523;NaN;9,523944;9,530566;9,518351;9,527017;2,135000;2,146330;2,169098;12,004182
16-10-18_324;C:\Users\au540322\Documents\Projects\Ice-Nucleation\Builds\Full Build\Data\Calibration_7/Images/16-10-18_324.PNG;-29,470670;-29,515062;-29,515958;-29,508914;26,103204;25,951658;25,672613;NaN;9,523868;9,530562;9,518394;9,527037;2,134616;2,146468;2,168457;12,004194
16-10-18_824;C:\Users\au540322\Documents\Projects\Ice-Nucleation\Builds\Full Build\Data\Calibration_7/Images/16-10-18_824.PNG;-29,470891;-29,515284;-29,515631;-29,508587;26,108676;25,953186;25,683205;NaN;9,523895;9,530589;9,518353;9,526997;2,134189;2,146348;2,167618;12,004235
16-10-19_325;C:\Users\au540322\Documents\Projects\Ice-Nucleation\Builds\Full Build\Data\Calibration_7/Images/16-10-19_325.PNG;-29,470704;-29,515327;-29,515794;-29,508467;26,111122;25,952950;25,694916;NaN;9,523872;9,530594;9,518374;9,526982;2,133998;2,146366;2,166692;12,004216
16-10-19_825;C:\Users\au540322\Documents\Projects\Ice-Nucleation\Builds\Full Build\Data\Calibration_7/Images/16-10-19_825.PNG;-29,470930;-29,514947;-29,516068;-29,508121;26,110174;25,951453;25,702955;NaN;9,523900;9,530547;9,518408;9,526939;2,134072;2,146484;2,166056;12,004250
16-10-20_325;C:\Users\au540322\Documents\Projects\Ice-Nucleation\Builds\Full Build\Data\Calibration_7/Images/16-10-20_325.PNG;-29,471064;-29,515553;-29,515473;-29,508938;26,110059;25,951445;25,704974;NaN;9,523917;9,530622;9,518334;9,527040;2,134081;2,146484;2,165896;12,004206
16-10-20_824;C:\Users\au540322\Documents\Projects\Ice-Nucleation\Builds\Full Build\Data\Calibration_7/Images/16-10-20_824.PNG;-29,470853;-29,515207;-29,515694;-29,508755;26,102676;25,953779;25,703181;NaN;9,523891;9,530579;9,518361;9,527017;2,134657;2,146301;2,166038;12,004231
16-10-21_325;C:\Users\au540322\Documents\Projects\Ice-Nucleation\Builds\Full Build\Data\Calibration_7/Images/16-10-21_325.PNG;-29,471030;-29,515226;-29,515684;-29,508448;26,097702;25,956409;25,704017;NaN;9,523913;9,530582;9,518360;9,526979;2,135045;2,146095;2,165972;12,004205
16-10-21_825;C:\Users\au540322\Documents\Projects\Ice-Nucleation\Builds\Full Build\Data\Calibration_7/Images/16-10-21_825.PNG;-29,470867;-29,515264;-29,515655;-29,508707;26,095104;25,959732;25,707951;NaN;9,523892;9,530587;9,518356;9,527011;2,135248;2,145835;2,165660;12,004202
16-10-22_325;C:\Users\au540322\Documents\Projects\Ice-Nucleation\Builds\Full Build\Data\Calibration_7/Images/16-10-22_325.PNG;-29,470886;-29,515269;-29,515655;-29,508544;26,094402;25,964629;25,702058;NaN;9,523895;9,530587;9,518356;9,526991;2,135303;2,145451;2,166126;12,004221
16-10-22_825;C:\Users\au540322\Documents\Projects\Ice-Nucleation\Builds\Full Build\Data\Calibration_7/Images/16-10-22_825.PNG;-29,470992;-29,515255;-29,515818;-29,508837;26,093920;25,967967;25,694487;NaN;9,523908;9,530585;9,518377;9,527028;2,135340;2,145189;2,166726;12,004198
16-10-23_324;C:\Users\au540322\Documents\Projects\Ice-Nucleation\Builds\Full Build\Data\Calibration_7/Images/16-10-23_324.PNG;-29,470930;-29,515216;-29,515818;-29,508505;26,095792;25,972174;25,688650;NaN;9,523900;9,530581;9,518377;9,526986;2,135194;2,144860;2,167187;12,004220
16-10-23_824;C:\Users\au540322\Documents\Projects\Ice-Nucleation\Builds\Full Build\Data\Calibration_7/Images/16-10-23_824.PNG;-29,471069;-29,514884;-29,515718;-29,508313;26,094379;25,976030;25,680819;NaN;9,523917;9,530539;9,518364;9,526963;2,135304;2,144557;2,167807;12,004240
16-10-24_325;C:\Users\au540322\Documents\Projects\Ice-Nucleation\Builds\Full Build\Data\Calibration_7/Images/16-10-24_325.PNG;-29,471184;-29,515370;-29,515886;-29,508626;26,089933;25,979355;25,674781;NaN;9,523932;9,530600;9,518385;9,527001;2,135651;2,144297;2,168285;12,004226
16-10-24_825;C:\Users\au540322\Documents\Projects\Ice-Nucleation\Builds\Full Build\Data\Calibration_7/Images/16-10-24_825.PNG;-29,471102;-29,515096;-29,515876;-29,508395;26,084418;25,980382;25,669949;NaN;9,523922;9,530566;9,518384;9,526973;2,136082;2,144216;2,168668;12,004210
16-10-25_326;C:\Users\au540322\Documents\Projects\Ice-Nucleation\Builds\Full Build\Data\Calibration_7/Images/16-10-25_326.PNG;-29,471088;-29,515158;-29,515833;-29,508361;26,084266;25,982848;25,665945;NaN;9,523920;9,530573;9,518378;9,526969;2,136094;2,144023;2,168985;12,004210
16-10-25_824;C:\Users\au540322\Documents\Projects\Ice-Nucleation\Builds\Full Build\Data\Calibration_7/Images/16-10-25_824.PNG;-29,470699;-29,515308;-29,515646;-29,508606;26,087603;25,984826;25,664282;NaN;9,523872;9,530592;9,518355;9,526999;2,135833;2,143868;2,169117;12,004222
16-10-26_325;C:\Users\au540322\Documents\Projects\Ice-Nucleation\Builds\Full Build\Data\Calibration_7/Images/16-10-26_325.PNG;-29,470843;-29,515360;-29,516049;-29,508919;26,088329;25,987444;25,665795;NaN;9,523889;9,530598;9,518405;9,527038;2,135776;2,143663;2,168997;12,004221
16-10-26_824;C:\Users\au540322\Documents\Projects\Ice-Nucleation\Builds\Full Build\Data\Calibration_7/Images/16-10-26_824.PNG;-29,470714;-29,515510;-29,515953;-29,508933;26,088856;25,989834;25,665396;NaN;9,523873;9,530617;9,518393;9,527039;2,135735;2,143476;2,169029;12,004223
16-10-27_324;C:\Users\au540322\Documents\Projects\Ice-Nucleation\Builds\Full Build\Data\Calibration_7/Images/16-10-27_324.PNG;-29,471246;-29,515476;-29,516015;-29,508568;26,087458;25,991646;25,662559;NaN;9,523939;9,530613;9,518401;9,526994;2,135844;2,143334;2,169253;12,004259
16-10-27_825;C:\Users\au540322\Documents\Projects\Ice-Nucleation\Builds\Full Build\Data\Calibration_7/Images/16-10-27_825.PNG;-29,470747;-29,515505;-29,515996;-29,508693;26,085511;25,991623;25,659414;NaN;9,523877;9,530616;9,518399;9,527010;2,135996;2,143336;2,169503;12,004212
16-10-28_324;C:\Users\au540322\Documents\Projects\Ice-Nucleation\Builds\Full Build\Data\Calibration_7/Images/16-10-28_324.PNG;-29,470622;-29,515303;-29,516020;-29,508779;26,081837;25,991531;25,658308;NaN;9,523862;9,530591;9,518402;9,527020;2,136283;2,143343;2,169590;12,004192
16-10-28_825;C:\Users\au540322\Documents\Projects\Ice-Nucleation\Builds\Full Build\Data\Calibration_7/Images/16-10-28_825.PNG;-29,471083;-29,515505;-29,516020;-29,508602;26,077722;25,992818;25,658519;NaN;9,523919;9,530616;9,518402;9,526998;2,136604;2,143242;2,169573;12,004141
16-10-29_325;C:\Users\au540322\Documents\Projects\Ice-Nucleation\Builds\Full Build\Data\Calibration_7/Images/16-10-29_325.PNG;-29,470867;-29,515572;-29,516106;-29,508991;26,071462;25,993183;25,654216;NaN;9,523892;9,530625;9,518412;9,527047;2,137093;2,143214;2,169914;12,004210
16-10-29_825;C:\Users\au540322\Documents\Projects\Ice-Nucleation\Builds\Full Build\Data\Calibration_7/Images/16-10-29_825.PNG;-29,471016;-29,515428;-29,515607;-29,508606;26,068027;25,993183;25,647485;NaN;9,523911;9,530607;9,518350;9,526999;2,137361;2,143214;2,170448;12,004216
16-10-30_325;C:\Users\au540322\Documents\Projects\Ice-Nucleation\Builds\Full Build\Data\Calibration_7/Images/16-10-30_325.PNG;-29,470934;-29,515514;-29,515694;-29,508904;26,068676;25,993929;25,644251;NaN;9,523901;9,530618;9,518361;9,527036;2,137311;2,143155;2,170704;12,004241
16-10-30_825;C:\Users\au540322\Documents\Projects\Ice-Nucleation\Builds\Full Build\Data\Calibration_7/Images/16-10-30_825.PNG;-29,470886;-29,515317;-29,515871;-29,508789;26,065325;25,993168;25,643184;NaN;9,523895;9,530593;9,518383;9,527022;2,137572;2,143215;2,170789;12,004209
16-10-31_325;C:\Users\au540322\Documents\Projects\Ice-Nucleation\Builds\Full Build\Data\Calibration_7/Images/16-10-31_325.PNG;-29,470954;-29,515587;-29,515463;-29,508693;26,058480;25,993153;25,643522;NaN;9,523903;9,530627;9,518332;9,527010;2,138107;2,143216;2,170762;12,004184
16-10-31_825;C:\Users\au540322\Documents\Projects\Ice-Nucleation\Builds\Full Build\Data\Calibration_7/Images/16-10-31_825.PNG;-29,471194;-29,515890;-29,515670;-29,508909;26,051340;25,993944;25,644996;NaN;9,523933;9,530664;9,518358;9,527037;2,138665;2,143154;2,170645;12,004146
16-10-32_325;C:\Users\au540322\Documents\Projects\Ice-Nucleation\Builds\Full Build\Data\Calibration_7/Images/16-10-32_325.PNG;-29,471194;-29,515346;-29,515540;-29,508717;26,049524;25,994965;25,644988;NaN;9,523933;9,530597;9,518342;9,527013;2,138807;2,143074;2,170646;12,004213
16-10-32_825;C:\Users\au540322\Documents\Projects\Ice-Nucleation\Builds\Full Build\Data\Calibration_7/Images/16-10-32_825.PNG;-29,471304;-29,515409;-29,515727;-29,508462;26,051073;25,994622;25,645718;NaN;9,523947;9,530604;9,518365;9,526981;2,138686;2,143101;2,170588;12,004177
16-10-33_325;C:\Users\au540322\Documents\Projects\Ice-Nucleation\Builds\Full Build\Data\Calibration_7/Images/16-10-33_325.PNG;-29,471112;-29,515144;-29,515703;-29,509231;26,052995;25,993701;25,647628;NaN;9,523923;9,530572;9,518362;9,527076;2,138536;2,143173;2,170437;12,004226
16-10-33_824;C:\Users\au540322\Documents\Projects\Ice-Nucleation\Builds\Full Build\Data\Calibration_7/Images/16-10-33_824.PNG;-29,471189;-29,515707;-29,516106;-29,508900;26,054239;25,994310;25,652561;NaN;9,523932;9,530641;9,518412;9,527035;2,138438;2,143126;2,170046;12,004224
16-10-34_325;C:\Users\au540322\Documents\Projects\Ice-Nucleation\Builds\Full Build\Data\Calibration_7/Images/16-10-34_325.PNG;-29,470886;-29,515880;-29,515866;-29,508967;26,052644;25,995855;25,660377;NaN;9,523895;9,530663;9,518383;9,527044;2,138563;2,143005;2,169426;12,004213
16-10-34_824;C:\Users\au540322\Documents\Projects\Ice-Nucleation\Builds\Full Build\Data\Calibration_7/Images/16-10-34_824.PNG;-29,471011;-29,515587;-29,515866;-29,509015;26,051172;25,997302;25,667322;NaN;9,523910;9,530627;9,518383;9,527050;2,138678;2,142891;2,168876;12,004224
16-10-35_325;C:\Users\au540322\Documents\Projects\Ice-Nucleation\Builds\Full Build\Data\Calibration_7/Images/16-10-35_325.PNG;-29,471203;-29,515678;-29,515962;-29,508241;26,051637;25,998794;25,674179;NaN;9,523934;9,530638;9,518394;9,526954;2,138642;2,142775;2,168333;12,004204
16-10-35_826;C:\Users\au540322\Documents\Projects\Ice-Nucleation\Builds\Full Build\Data\Calibration_7/Images/16-10-35_826.PNG;-29,471054;-29,515702;-29,515991;-29,508832;26,054612;26,002175;25,681112;NaN;9,523916;9,530641;9,518398;9,527027;2,138409;2,142510;2,167784;12,004200
16-10-36_325;C:\Users\au540322\Documents\Projects\Ice-Nucleation\Builds\Full Build\Data\Calibration_7/Images/16-10-36_325.PNG;-29,471246;-29,515601;-29,516106;-29,508832;26,058686;26,006386;25,685615;NaN;9,523939;9,530628;9,518412;9,527027;2,138091;2,142180;2,167428;12,004160
16-10-36_825;C:\Users\au540322\Documents\Projects\Ice-Nucleation\Builds\Full Build\Data\Calibration_7/Images/16-10-36_825.PNG;-29,471362;-29,515360;-29,515612;-29,508467;26,060296;26,010605;25,688996;NaN;9,523954;9,530598;9,518351;9,526982;2,137965;2,141850;2,167160;12,004201
16-10-37_324;C:\Users\au540322\Documents\Projects\Ice-Nucleation\Builds\Full Build\Data\Calibration_7/Images/16-10-37_324.PNG;-29,471333;-29,515524;-29,515948;-29,508953;26,059892;26,013523;25,691986;NaN;9,523950;9,530619;9,518393;9,527042;2,137997;2,141622;2,166923;12,004192
16-10-37_825;C:\Users\au540322\Documents\Projects\Ice-Nucleation\Builds\Full Build\Data\Calibration_7/Images/16-10-37_825.PNG;-29,471227;-29,515813;-29,515622;-29,508433;26,059961;26,017271;25,696544;NaN;9,523937;9,530655;9,518352;9,526978;2,137991;2,141329;2,166563;12,004199
16-10-38_325;C:\Users\au540322\Documents\Projects\Ice-Nucleation\Builds\Full Build\Data\Calibration_7/Images/16-10-38_325.PNG;-29,471318;-29,515558;-29,515953;-29,508587;26,059701;26,020692;25,702028;NaN;9,523948;9,530623;9,518393;9,526997;2,138012;2,141061;2,166129;12,004218
16-10-38_825;C:\Users\au540322\Documents\Projects\Ice-Nucleation\Builds\Full Build\Data\Calibration_7/Images/16-10-38_825.PNG;-29,471242;-29,515486;-29,515972;-29,508876;26,061449;26,023717;25,707235;NaN;9,523939;9,530614;9,518396;9,527032;2,137875;2,140824;2,165717;12,004213
16-10-39_325;C:\Users\au540322\Documents\Projects\Ice-Nucleation\Builds\Full Build\Data\Calibration_7/Images/16-10-39_325.PNG;-29,471218;-29,515745;-29,515847;-29,508712;26,059785;26,027756;25,713038;NaN;9,523936;9,530646;9,518380;9,527012;2,138005;2,140508;2,165258;12,004239
16-10-39_825;C:\Users\au540322\Documents\Projects\Ice-Nucleation\Builds\Full Build\Data\Calibration_7/Images/16-10-39_825.PNG;-29,471290;-29,515880;-29,516145;-29,508866;26,049563;26,030752;25,717441;NaN;9,523945;9,530663;9,518417;9,527031;2,138804;2,140274;2,164910;12,004171
16-10-40_324;C:\Users\au540322\Documents\Projects\Ice-Nucleation\Builds\Full Build\Data\Calibration_7/Images/16-10-40_324.PNG;-29,471376;-29,515875;-29,515593;-29,509135;26,035859;26,034136;25,724091;NaN;9,523956;9,530662;9,518349;9,527065;2,139875;2,140010;2,164384;12,004238
16-10-40_824;C:\Users\au540322\Documents\Projects\Ice-Nucleation\Builds\Full Build\Data\Calibration_7/Images/16-10-40_824.PNG;-29,471443;-29,515495;-29,516356;-29,509092;26,023001;26,037781;25,731036;NaN;9,523964;9,530615;9,518443;9,527059;2,140880;2,139725;2,163835;12,004227
16-10-41_324;C:\Users\au540322\Documents\Projects\Ice-Nucleation\Builds\Full Build\Data\Calibration_7/Images/16-10-41_324.PNG;-29,471501;-29,515625;-29,515938;-29,508669;26,010354;26,040564;25,735856;NaN;9,523971;9,530631;9,518391;9,527007;2,141870;2,139507;2,163454;12,004171
16-10-41_824;C:\Users\au540322\Documents\Projects\Ice-Nucleation\Builds\Full Build\Data\Calibration_7/Images/16-10-41_824.PNG;-29,471640;-29,515514;-29,516274;-29,508731;25,998299;26,040419;25,740752;NaN;9,523988;9,530618;9,518433;9,527014;2,142813;2,139518;2,163068;12,004224
16-10-42_325;C:\Users\au540322\Documents\Projects\Ice-Nucleation\Builds\Full Build\Data\Calibration_7/Images/16-10-42_325.PNG;-29,471414;-29,515971;-29,516241;-29,508755;25,983175;26,041562;25,746811;NaN;9,523960;9,530674;9,518429;9,527017;2,143998;2,139429;2,162589;12,004218
16-10-42_825;C:\Users\au540322\Documents\Projects\Ice-Nucleation\Builds\Full Build\Data\Calibration_7/Images/16-10-42_825.PNG;-29,471587;-29,515861;-29,515982;-29,508909;25,972425;26,041486;25,749453;NaN;9,523982;9,530660;9,518397;9,527037;2,144840;2,139435;2,162380;12,004215
16-10-43_324;C:\Users\au540322\Documents\Projects\Ice-Nucleation\Builds\Full Build\Data\Calibration_7/Images/16-10-43_324.PNG;-29,471174;-29,515615;-29,515828;-29,508803;25,966652;26,042005;25,747581;NaN;9,523931;9,530630;9,518378;9,527023;2,145292;2,139394;2,162528;12,004239
16-10-43_825;C:\Users\au540322\Documents\Projects\Ice-Nucleation\Builds\Full Build\Data\Calibration_7/Images/16-10-43_825.PNG;-29,471333;-29,515736;-29,516174;-29,508948;25,966203;26,043858;25,747038;NaN;9,523950;9,530645;9,518421;9,527041;2,145327;2,139250;2,162571;12,004176
16-10-44_325;C:\Users\au540322\Documents\Projects\Ice-Nucleation\Builds\Full Build\Data\Calibration_7/Images/16-10-44_325.PNG;-29,471477;-29,515529;-29,515799;-29,508924;25,957550;26,045482;25,749128;NaN;9,523968;9,530619;9,518374;9,527038;2,146006;2,139123;2,162406;12,004262
16-10-44_825;C:\Users\au540322\Documents\Projects\Ice-Nucleation\Builds\Full Build\Data\Calibration_7/Images/16-10-44_825.PNG;-29,471501;-29,515418;-29,516284;-29,508981;25,950594;26,048083;25,750540;NaN;9,523971;9,530606;9,518434;9,527045;2,146551;2,138919;2,162295;12,004247
16-10-45_325;C:\Users\au540322\Documents\Projects\Ice-Nucleation\Builds\Full Build\Data\Calibration_7/Images/16-10-45_325.PNG;-29,471486;-29,515870;-29,515996;-29,508828;25,946004;26,050112;25,759145;NaN;9,523969;9,530662;9,518399;9,527026;2,146911;2,138761;2,161615;12,004206
16-10-45_824;C:\Users\au540322\Documents\Projects\Ice-Nucleation\Builds\Full Build\Data\Calibration_7/Images/16-10-45_824.PNG;-29,471957;-29,515211;-29,516188;-29,508890;25,945228;26,050997;25,766930;NaN;9,524028;9,530580;9,518422;9,527034;2,146972;2,138692;2,161000;12,004222
16-10-46_325;C:\Users\au540322\Documents\Projects\Ice-Nucleation\Builds\Full Build\Data\Calibration_7/Images/16-10-46_325.PNG;-29,471371;-29,515625;-29,516250;-29,509053;25,946878;26,050646;25,772481;NaN;9,523955;9,530631;9,518430;9,527054;2,146843;2,138719;2,160562;12,004217
16-10-46_825;C:\Users\au540322\Documents\Projects\Ice-Nucleation\Builds\Full Build\Data\Calibration_7/Images/16-10-46_825.PNG;-29,471626;-29,515894;-29,516198;-29,508871;25,949766;26,048403;25,777399;NaN;9,523987;9,530665;9,518424;9,527032;2,146616;2,138894;2,160174;12,004255
16-10-47_326;C:\Users\au540322\Documents\Projects\Ice-Nucleation\Builds\Full Build\Data\Calibration_7/Images/16-10-47_326.PNG;-29,471683;-29,515817;-29,516198;-29,508977;25,952745;26,046832;25,784576;NaN;9,523994;9,530655;9,518424;9,527045;2,146382;2,139017;2,159608;12,004186
16-10-47_825;C:\Users\au540322\Documents\Projects\Ice-Nucleation\Builds\Full Build\Data\Calibration_7/Images/16-10-47_825.PNG;-29,471410;-29,516053;-29,515919;-29,509135;25,952038;26,044186;25,791204;NaN;9,523960;9,530684;9,518389;9,527065;2,146438;2,139224;2,159085;12,004178
16-10-48_324;C:\Users\au540322\Documents\Projects\Ice-Nucleation\Builds\Full Build\Data\Calibration_7/Images/16-10-48_324.PNG;-29,471338;-29,515678;-29,516289;-29,508933;25,953581;26,043309;25,796405;NaN;9,523951;9,530638;9,518435;9,527039;2,146317;2,139292;2,158675;12,004196
16-10-48_825;C:\Users\au540322\Documents\Projects\Ice-Nucleation\Builds\Full Build\Data\Calibration_7/Images/16-10-48_825.PNG;-29,471227;-29,515630;-29,516073;-29,508957;25,958553;26,042943;25,798454;NaN;9,523937;9,530632;9,518408;9,527042;2,145927;2,139321;2,158514;12,004168
16-10-49_324;C:\Users\au540322\Documents\Projects\Ice-Nucleation\Builds\Full Build\Data\Calibration_7/Images/16-10-49_324.PNG;-29,471520;-29,515971;-29,516135;-29,508563;25,965275;26,043438;25,800487;NaN;9,523973;9,530674;9,518416;9,526994;2,145400;2,139282;2,158353;12,004200
16-10-49_825;C:\Users\au540322\Documents\Projects\Ice-Nucleation\Builds\Full Build\Data\Calibration_7/Images/16-10-49_825.PNG;-29,471357;-29,515798;-29,516058;-29,509063;25,973345;26,044041;25,799247;NaN;9,523953;9,530653;9,518406;9,527056;2,144768;2,139235;2,158451;12,004187
16-10-50_324;C:\Users\au540322\Documents\Projects\Ice-Nucleation\Builds\Full Build\Data\Calibration_7/Images/16-10-50_324.PNG;-29,471702;-29,516149;-29,515890;-29,509279;25,978868;26,044636;25,794538;NaN;9,523996;9,530696;9,518386;9,527082;2,144335;2,139189;2,158823;12,004215
16-10-50_825;C:\Users\au540322\Documents\Projects\Ice-Nucleation\Builds\Full Build\Data\Calibration_7/Images/16-10-50_825.PNG;-29,471429;-29,516053;-29,516068;-29,508919;25,981425;26,045589;25,788604;NaN;9,523962;9,530684;9,518408;9,527038;2,144135;2,139114;2,159290;12,004221
16-10-51_325;C:\Users\au540322\Documents\Projects\Ice-Nucleation\Builds\Full Build\Data\Calibration_7/Images/16-10-51_325.PNG;-29,471755;-29,515452;-29,516078;-29,509034;25,985899;26,045963;25,787259;NaN;9,524003;9,530610;9,518409;9,527052;2,143784;2,139085;2,159397;12,004168
16-10-51_825;C:\Users\au540322\Documents\Projects\Ice-Nucleation\Builds\Full Build\Data\Calibration_7/Images/16-10-51_825.PNG;-29,471328;-29,516207;-29,516582;-29,508914;25,990831;26,047068;25,782400;NaN;9,523950;9,530703;9,518471;9,527037;2,143398;2,138999;2,159780;12,004164
16-10-52_325;C:\Users\au540322\Documents\Projects\Ice-Nucleation\Builds\Full Build\Data\Calibration_7/Images/16-10-52_325.PNG;-29,471242;-29,515938;-29,516020;-29,508842;25,997119;26,045230;25,773561;NaN;9,523939;9,530670;9,518402;9,527028;2,142906;2,139142;2,160477;12,004224
16-10-52_824;C:\Users\au540322\Documents\Projects\Ice-Nucleation\Builds\Full Build\Data\Calibration_7/Images/16-10-52_824.PNG;-29,471366;-29,515769;-29,515890;-29,508736;26,000766;26,041410;25,769483;NaN;9,523954;9,530649;9,518386;9,527015;2,142620;2,139441;2,160799;12,004199
16-10-53_325;C:\Users\au540322\Documents\Projects\Ice-Nucleation\Builds\Full Build\Data\Calibration_7/Images/16-10-53_325.PNG;-29,471333;-29,515625;-29,516078;-29,508953;26,002792;26,034853;25,765359;NaN;9,523950;9,530631;9,518409;9,527042;2,142462;2,139954;2,161124;12,004183
16-10-53_825;C:\Users\au540322\Documents\Projects\Ice-Nucleation\Builds\Full Build\Data\Calibration_7/Images/16-10-53_825.PNG;-29,471376;-29,516173;-29,516212;-29,509029;25,997500;26,029212;25,754827;NaN;9,523956;9,530699;9,518425;9,527051;2,142876;2,140395;2,161956;12,004170
16-10-54_324;C:\Users\au540322\Documents\Projects\Ice-Nucleation\Builds\Full Build\Data\Calibration_7/Images/16-10-54_324.PNG;-29,471400;-29,515755;-29,516313;-29,508818;26,000119;26,022803;25,749808;NaN;9,523959;9,530647;9,518438;9,527025;2,142671;2,140896;2,162352;12,004215
16-10-54_825;C:\Users\au540322\Documents\Projects\Ice-Nucleation\Builds\Full Build\Data\Calibration_7/Images/16-10-54_825.PNG;-29,471534;-29,515678;-29,515914;-29,508765;26,007528;26,016098;25,741793;NaN;9,523975;9,530638;9,518388;9,527019;2,142091;2,141420;2,162985;12,004188
16-10-55_325;C:\Users\au540322\Documents\Projects\Ice-Nucleation\Builds\Full Build\Data\Calibration_7/Images/16-10-55_325.PNG;-29,471650;-29,515962;-29,515818;-29,509275;26,016852;26,011154;25,733178;NaN;9,523990;9,530673;9,518377;9,527082;2,141361;2,141807;2,163666;12,004210
16-10-55_824;C:\Users\au540322\Documents\Projects\Ice-Nucleation\Builds\Full Build\Data\Calibration_7/Images/16-10-55_824.PNG;-29,471467;-29,515846;-29,516313;-29,508890;26,024121;26,009699;25,727635;NaN;9,523967;9,530659;9,518438;9,527034;2,140793;2,141921;2,164104;12,004191
16-10-56_324;C:\Users\au540322\Documents\Projects\Ice-Nucleation\Builds\Full Build\Data\Calibration_7/Images/16-10-56_324.PNG;-29,471606;-29,516068;-29,516471;-29,508895;26,024883;26,009973;25,719069;NaN;9,523984;9,530686;9,518458;9,527035;2,140733;2,141900;2,164781;12,004189
16-10-56_826;C:\Users\au540322\Documents\Projects\Ice-Nucleation\Builds\Full Build\Data\Calibration_7/Images/16-10-56_826.PNG;-29,471482;-29,515981;-29,516260;-29,508837;26,022696;26,010377;25,711991;NaN;9,523969;9,530675;9,518431;9,527028;2,140904;2,141868;2,165341;12,004216
16-10-57_324;C:\Users\au540322\Documents\Projects\Ice-Nucleation\Builds\Full Build\Data\Calibration_7/Images/16-10-57_324.PNG;-29,471520;-29,515606;-29,516226;-29,509227;26,017324;26,011542;25,712202;NaN;9,523973;9,530629;9,518427;9,527076;2,141324;2,141777;2,165324;12,004213
16-10-57_825;C:\Users\au540322\Documents\Projects\Ice-Nucleation\Builds\Full Build\Data\Calibration_7/Images/16-10-57_825.PNG;-29,471650;-29,515447;-29,516606;-29,509102;26,008998;26,013112;25,719280;NaN;9,523990;9,530609;9,518474;9,527060;2,141976;2,141654;2,164765;12,004219
16-10-58_325;C:\Users\au540322\Documents\Projects\Ice-Nucleation\Builds\Full Build\Data\Calibration_7/Images/16-10-58_325.PNG;-29,471467;-29,515673;-29,516337;-29,508943;25,996952;26,014887;25,729490;NaN;9,523967;9,530637;9,518441;9,527041;2,142919;2,141515;2,163957;12,004216
16-10-58_825;C:\Users\au540322\Documents\Projects\Ice-Nucleation\Builds\Full Build\Data\Calibration_7/Images/16-10-58_825.PNG;-29,471606;-29,515885;-29,516222;-29,508856;25,989842;26,016936;25,735449;NaN;9,523984;9,530663;9,518427;9,527030;2,143476;2,141355;2,163487;12,004193
16-10-59_325;C:\Users\au540322\Documents\Projects\Ice-Nucleation\Builds\Full Build\Data\Calibration_7/Images/16-10-59_325.PNG;-29,471194;-29,516077;-29,516150;-29,509121;25,985222;26,017484;25,733540;NaN;9,523933;9,530687;9,518418;9,527063;2,143837;2,141312;2,163637;12,004196
16-10-59_828;C:\Users\au540322\Documents\Projects\Ice-Nucleation\Builds\Full Build\Data\Calibration_7/Images/16-10-59_828.PNG;-29,471333;-29,515736;-29,516476;-29,508592;25,986226;26,017317;25,725440;NaN;9,523950;9,530645;9,518458;9,526997;2,143759;2,141325;2,164278;12,004192
16-11-00_325;C:\Users\au540322\Documents\Projects\Ice-Nucleation\Builds\Full Build\Data\Calibration_7/Images/16-11-00_325.PNG;-29,471674;-29,515909;-29,516370;-29,509034;25,990047;26,016319;25,713898;NaN;9,523993;9,530666;9,518445;9,527052;2,143459;2,141403;2,165190;12,004234
16-11-00_824;C:\Users\au540322\Documents\Projects\Ice-Nucleation\Builds\Full Build\Data\Calibration_7/Images/16-11-00_824.PNG;-29,471578;-29,516063;-29,516140;-29,509159;25,992087;26,015435;25,701780;NaN;9,523981;9,530686;9,518416;9,527068;2,143300;2,141472;2,166149;12,004220
16-11-01_324;C:\Users\au540322\Documents\Projects\Ice-Nucleation\Builds\Full Build\Data\Calibration_7/Images/16-11-01_324.PNG;-29,471122;-29,515957;-29,516471;-29,508996;25,993434;26,014574;25,690766;NaN;9,523924;9,530672;9,518458;9,527047;2,143194;2,141540;2,167020;12,004132
16-11-01_825;C:\Users\au540322\Documents\Projects\Ice-Nucleation\Builds\Full Build\Data\Calibration_7/Images/16-11-01_825.PNG;-29,471318;-29,515947;-29,516265;-29,509068;25,990458;26,011032;25,683845;NaN;9,523948;9,530671;9,518432;9,527056;2,143427;2,141817;2,167568;12,004197
16-11-02_324;C:\Users\au540322\Documents\Projects\Ice-Nucleation\Builds\Full Build\Data\Calibration_7/Images/16-11-02_324.PNG;-29,471578;-29,515731;-29,516294;-29,508847;25,985846;26,010506;25,685186;NaN;9,523981;9,530644;9,518436;9,527029;2,143788;2,141858;2,167462;12,004193
16-11-02_825;C:\Users\au540322\Documents\Projects\Ice-Nucleation\Builds\Full Build\Data\Calibration_7/Images/16-11-02_825.PNG;-29,471654;-29,515673;-29,516130;-29,508977;25,989103;26,011999;25,691150;NaN;9,523990;9,530637;9,518415;9,527045;2,143533;2,141741;2,166990;12,004174
16-11-03_325;C:\Users\au540322\Documents\Projects\Ice-Nucleation\Builds\Full Build\Data\Calibration_7/Images/16-11-03_325.PNG;-29,471947;-29,515995;-29,516183;-29,509169;25,993442;26,014391;25,695323;NaN;9,524026;9,530677;9,518422;9,527069;2,143194;2,141554;2,166659;12,004196
16-11-03_825;C:\Users\au540322\Documents\Projects\Ice-Nucleation\Builds\Full Build\Data\Calibration_7/Images/16-11-03_825.PNG;-29,471357;-29,516039;-29,516126;-29,508779;25,993160;26,015473;25,699504;NaN;9,523953;9,530683;9,518415;9,527020;2,143216;2,141469;2,166329;12,004160
16-11-04_325;C:\Users\au540322\Documents\Projects\Ice-Nucleation\Builds\Full Build\Data\Calibration_7/Images/16-11-04_325.PNG;-29,471386;-29,515697;-29,516481;-29,508832;25,994622;26,016898;25,700687;NaN;9,523957;9,530640;9,518459;9,527027;2,143101;2,141358;2,166235;12,004206
16-11-04_826;C:\Users\au540322\Documents\Projects\Ice-Nucleation\Builds\Full Build\Data\Calibration_7/Images/16-11-04_826.PNG;-29,471419;-29,515640;-29,516390;-29,508981;25,998687;26,018163;25,699956;NaN;9,523961;9,530633;9,518447;9,527045;2,142783;2,141259;2,166293;12,004210
16-11-05_324;C:\Users\au540322\Documents\Projects\Ice-Nucleation\Builds\Full Build\Data\Calibration_7/Images/16-11-05_324.PNG;-29,471616;-29,515726;-29,516274;-29,508722;26,004566;26,017881;25,697606;NaN;9,523985;9,530644;9,518433;9,527013;2,142323;2,141281;2,166479;12,004181
16-11-05_825;C:\Users\au540322\Documents\Projects\Ice-Nucleation\Builds\Full Build\Data\Calibration_7/Images/16-11-05_825.PNG;-29,471256;-29,515745;-29,516375;-29,509174;26,008046;26,017233;25,698178;NaN;9,523941;9,530646;9,518446;9,527069;2,142050;2,141332;2,166433;12,004159
16-11-06_325;C:\Users\au540322\Documents\Projects\Ice-Nucleation\Builds\Full Build\Data\Calibration_7/Images/16-11-06_325.PNG;-29,471568;-29,515755;-29,516346;-29,509092;26,006698;26,017279;25,699316;NaN;9,523979;9,530647;9,518442;9,527059;2,142156;2,141328;2,166343;12,004214
16-11-06_824;C:\Users\au540322\Documents\Projects\Ice-Nucleation\Builds\Full Build\Data\Calibration_7/Images/16-11-06_824.PNG;-29,471491;-29,515909;-29,516385;-29,509270;26,006736;26,017340;25,700551;NaN;9,523970;9,530666;9,518447;9,527081;2,142153;2,141323;2,166246;12,004193
16-11-07_325;C:\Users\au540322\Documents\Projects\Ice-Nucleation\Builds\Full Build\Data\Calibration_7/Images/16-11-07_325.PNG;-29,471755;-29,515649;-29,516284;-29,509356;26,009471;26,018155;25,701425;NaN;9,524003;9,530634;9,518434;9,527092;2,141939;2,141259;2,166177;12,004198
16-11-07_825;C:\Users\au540322\Documents\Projects\Ice-Nucleation\Builds\Full Build\Data\Calibration_7/Images/16-11-07_825.PNG;-29,471534;-29,515832;-29,515905;-29,509390;26,009128;26,019161;25,698389;NaN;9,523975;9,530657;9,518387;9,527096;2,141966;2,141181;2,166417;12,004224
16-11-08_325;C:\Users\au540322\Documents\Projects\Ice-Nucleation\Builds\Full Build\Data\Calibration_7/Images/16-11-08_325.PNG;-29,471880;-29,515890;-29,516394;-29,508967;26,002198;26,021020;25,690962;NaN;9,524018;9,530664;9,518448;9,527044;2,142508;2,141035;2,167004;12,004212
16-11-08_825;C:\Users\au540322\Documents\Projects\Ice-Nucleation\Builds\Full Build\Data\Calibration_7/Images/16-11-08_825.PNG;-29,471794;-29,515736;-29,516351;-29,509217;26,004436;26,021218;25,681067;NaN;9,524007;9,530645;9,518443;9,527075;2,142333;2,141020;2,167788;12,004234
16-11-09_325;C:\Users\au540322\Documents\Projects\Ice-Nucleation\Builds\Full Build\Data\Calibration_7/Images/16-11-09_325.PNG;-29,471520;-29,515813;-29,516322;-29,508962;26,006668;26,019732;25,672101;NaN;9,523973;9,530655;9,518439;9,527043;2,142158;2,141136;2,168498;12,004166
16-11-09_825;C:\Users\au540322\Documents\Projects\Ice-Nucleation\Builds\Full Build\Data\Calibration_7/Images/16-11-09_825.PNG;-29,471525;-29,516092;-29,516130;-29,508972;26,004383;26,019854;25,664591;NaN;9,523974;9,530689;9,518415;9,527044;2,142337;2,141127;2,169092;12,004258
16-11-10_325;C:\Users\au540322\Documents\Projects\Ice-Nucleation\Builds\Full Build\Data\Calibration_7/Images/16-11-10_325.PNG;-29,471309;-29,515596;-29,516102;-29,509241;26,006135;26,019511;25,659377;NaN;9,523947;9,530628;9,518412;9,527078;2,142200;2,141153;2,169505;12,004193
16-11-10_825;C:\Users\au540322\Documents\Projects\Ice-Nucleation\Builds\Full Build\Data\Calibration_7/Images/16-11-10_825.PNG;-29,471688;-29,515692;-29,516078;-29,509068;26,008960;26,019328;25,653727;NaN;9,523994;9,530640;9,518409;9,527056;2,141979;2,141168;2,169953;12,004205
16-11-11_325;C:\Users\au540322\Documents\Projects\Ice-Nucleation\Builds\Full Build\Data\Calibration_7/Images/16-11-11_325.PNG;-29,471530;-29,515894;-29,516298;-29,509260;26,013492;26,019496;25,648981;NaN;9,523975;9,530665;9,518436;9,527080;2,141624;2,141155;2,170329;12,004188
16-11-11_825;C:\Users\au540322\Documents\Projects\Ice-Nucleation\Builds\Full Build\Data\Calibration_7/Images/16-11-11_825.PNG;-29,471606;-29,516010;-29,516683;-29,508837;26,018940;26,021500;25,643372;NaN;9,523984;9,530679;9,518484;9,527028;2,141198;2,140998;2,170774;12,004216
16-11-12_325;C:\Users\au540322\Documents\Projects\Ice-Nucleation\Builds\Full Build\Data\Calibration_7/Images/16-11-12_325.PNG;-29,471597;-29,515721;-29,516058;-29,508967;26,025066;26,023809;25,633839;NaN;9,523983;9,530643;9,518406;9,527044;2,140719;2,140817;2,171530;12,004222
16-11-12_825;C:\Users\au540322\Documents\Projects\Ice-Nucleation\Builds\Full Build\Data\Calibration_7/Images/16-11-12_825.PNG;-29,471390;-29,515130;-29,516226;-29,508890;26,030782;26,025584;25,625144;NaN;9,523957;9,530570;9,518427;9,527034;2,140272;2,140678;2,172219;12,004230
16-11-13_324;C:\Users\au540322\Documents\Projects\Ice-Nucleation\Builds\Full Build\Data\Calibration_7/Images/16-11-13_324.PNG;-29,471381;-29,515505;-29,516034;-29,509159;26,033748;26,028244;25,622882;NaN;9,523956;9,530616;9,518403;9,527068;2,140040;2,140470;2,172399;12,004218
16-11-13_825;C:\Users\au540322\Documents\Projects\Ice-Nucleation\Builds\Full Build\Data\Calibration_7/Images/16-11-13_825.PNG;-29,471232;-29,515664;-29,515780;-29,508808;26,018582;26,027894;25,624032;NaN;9,523938;9,530636;9,518372;9,527024;2,141226;2,140498;2,172308;12,004190
16-11-14_325;C:\Users\au540322\Documents\Projects\Ice-Nucleation\Builds\Full Build\Data\Calibration_7/Images/16-11-14_325.PNG;-29,471443;-29,515582;-29,516126;-29,509073;26,003781;26,026659;25,618607;NaN;9,523964;9,530626;9,518415;9,527057;2,142384;2,140594;2,172738;12,004248
16-11-14_824;C:\Users\au540322\Documents\Projects\Ice-Nucleation\Builds\Full Build\Data\Calibration_7/Images/16-11-14_824.PNG;-29,471491;-29,515596;-29,516212;-29,508832;25,998040;26,025158;25,619524;NaN;9,523970;9,530628;9,518425;9,527027;2,142834;2,140712;2,172665;12,004231
16-11-15_325;C:\Users\au540322\Documents\Projects\Ice-Nucleation\Builds\Full Build\Data\Calibration_7/Images/16-11-15_325.PNG;-29,471208;-29,515716;-29,515967;-29,509443;25,989568;26,026918;25,632516;NaN;9,523935;9,530643;9,518395;9,527103;2,143497;2,140574;2,171635;12,004238
16-11-15_825;C:\Users\au540322\Documents\Projects\Ice-Nucleation\Builds\Full Build\Data\Calibration_7/Images/16-11-15_825.PNG;-29,471702;-29,515635;-29,515833;-29,508895;25,979728;26,027581;25,640462;NaN;9,523996;9,530632;9,518378;9,527035;2,144268;2,140522;2,171005;12,004219
16-11-16_325;C:\Users\au540322\Documents\Projects\Ice-Nucleation\Builds\Full Build\Data\Calibration_7/Images/16-11-16_325.PNG;-29,471539;-29,515567;-29,516702;-29,508909;25,965359;26,027528;25,645635;NaN;9,523976;9,530624;9,518486;9,527037;2,145394;2,140526;2,170594;12,004204
16-11-16_825;C:\Users\au540322\Documents\Projects\Ice-Nucleation\Builds\Full Build\Data\Calibration_7/Images/16-11-16_825.PNG;-29,471333;-29,515702;-29,515823;-29,508597;25,964781;26,026499;25,655548;NaN;9,523950;9,530641;9,518377;9,526998;2,145439;2,140607;2,169809;12,004187
16-11-17_325;C:\Users\au540322\Documents\Projects\Ice-Nucleation\Builds\Full Build\Data\Calibration_7/Images/16-11-17_325.PNG;-29,471366;-29,515649;-29,516294;-29,508876;25,963397;26,022239;25,659332;NaN;9,523954;9,530634;9,518436;9,527032;2,145547;2,140940;2,169509;12,004171
16-11-17_825;C:\Users\au540322\Documents\Projects\Ice-Nucleation\Builds\Full Build\Data\Calibration_7/Images/16-11-17_825.PNG;-29,471453;-29,515606;-29,516241;-29,508741;25,960865;26,019023;25,659241;NaN;9,523965;9,530629;9,518429;9,527016;2,145746;2,141191;2,169516;12,004216
16-11-18_325;C:\Users\au540322\Documents\Projects\Ice-Nucleation\Builds\Full Build\Data\Calibration_7/Images/16-11-18_325.PNG;-29,471602;-29,515649;-29,516380;-29,508948;25,956774;26,015740;25,660716;NaN;9,523984;9,530634;9,518446;9,527041;2,146067;2,141448;2,169399;12,004228
16-11-18_825;C:\Users\au540322\Documents\Projects\Ice-Nucleation\Builds\Full Build\Data\Calibration_7/Images/16-11-18_825.PNG;-29,471621;-29,515716;-29,516154;-29,509390;25,945882;26,009105;25,664538;NaN;9,523986;9,530643;9,518418;9,527096;2,146921;2,141968;2,169097;12,004241
16-11-19_324;C:\Users\au540322\Documents\Projects\Ice-Nucleation\Builds\Full Build\Data\Calibration_7/Images/16-11-19_324.PNG;-29,471294;-29,516198;-29,516678;-29,508693;25,932760;26,006097;25,664237;NaN;9,523945;9,530702;9,518483;9,527010;2,147950;2,142203;2,169120;12,004239
16-11-19_825;C:\Users\au540322\Documents\Projects\Ice-Nucleation\Builds\Full Build\Data\Calibration_7/Images/16-11-19_825.PNG;-29,471525;-29,515529;-29,516274;-29,509068;25,927315;26,002137;25,661822;NaN;9,523974;9,530619;9,518433;9,527056;2,148377;2,142513;2,169312;12,004231
16-11-20_325;C:\Users\au540322\Documents\Projects\Ice-Nucleation\Builds\Full Build\Data\Calibration_7/Images/16-11-20_325.PNG;-29,471304;-29,515447;-29,516102;-29,509183;25,924315;25,998779;25,661385;NaN;9,523947;9,530609;9,518412;9,527070;2,148613;2,142776;2,169346;12,004201
16-11-20_825;C:\Users\au540322\Documents\Projects\Ice-Nucleation\Builds\Full Build\Data\Calibration_7/Images/16-11-20_825.PNG;-29,471419;-29,515842;-29,516303;-29,509063;25,924459;25,998429;25,661694;NaN;9,523961;9,530658;9,518437;9,527056;2,148602;2,142803;2,169322;12,004211
16-11-21_325;C:\Users\au540322\Documents\Projects\Ice-Nucleation\Builds\Full Build\Data\Calibration_7/Images/16-11-21_325.PNG;-29,470934;-29,515558;-29,516265;-29,508957;25,928135;25,998056;25,665471;NaN;9,523901;9,530623;9,518432;9,527042;2,148313;2,142832;2,169023;12,004238
16-11-21_826;C:\Users\au540322\Documents\Projects\Ice-Nucleation\Builds\Full Build\Data\Calibration_7/Images/16-11-21_826.PNG;-29,471438;-29,515726;-29,516097;-29,508779;25,930770;25,994287;25,672327;NaN;9,523963;9,530644;9,518411;9,527020;2,148106;2,143127;2,168480;12,004210
16-11-22_325;C:\Users\au540322\Documents\Projects\Ice-Nucleation\Builds\Full Build\Data\Calibration_7/Images/16-11-22_325.PNG;-29,471659;-29,515553;-29,516130;-29,509130;25,931781;25,994028;25,678605;NaN;9,523991;9,530622;9,518415;9,527064;2,148027;2,143148;2,167983;12,004233
16-11-22_825;C:\Users\au540322\Documents\Projects\Ice-Nucleation\Builds\Full Build\Data\Calibration_7/Images/16-11-22_825.PNG;-29,471390;-29,515856;-29,516020;-29,509130;25,930254;25,993914;25,682023;NaN;9,523957;9,530660;9,518402;9,527064;2,148147;2,143157;2,167712;12,004240
16-11-23_324;C:\Users\au540322\Documents\Projects\Ice-Nucleation\Builds\Full Build\Data\Calibration_7/Images/16-11-23_324.PNG;-29,471386;-29,515620;-29,516111;-29,509015;25,925302;25,993001;25,687761;NaN;9,523957;9,530631;9,518413;9,527050;2,148535;2,143228;2,167258;12,004221
16-11-23_825;C:\Users\au540322\Documents\Projects\Ice-Nucleation\Builds\Full Build\Data\Calibration_7/Images/16-11-23_825.PNG;-29,471102;-29,515303;-29,515977;-29,509303;25,916358;25,988959;25,689109;NaN;9,523922;9,530591;9,518396;9,527085;2,149238;2,143545;2,167151;12,004212
16-11-24_325;C:\Users\au540322\Documents\Projects\Ice-Nucleation\Builds\Full Build\Data\Calibration_7/Images/16-11-24_325.PNG;-29,471717;-29,515611;-29,515660;-29,509313;25,911067;25,987535;25,688198;NaN;9,523998;9,530629;9,518357;9,527087;2,149653;2,143656;2,167223;12,004202
16-11-24_825;C:\Users\au540322\Documents\Projects\Ice-Nucleation\Builds\Full Build\Data\Calibration_7/Images/16-11-24_825.PNG;-29,471395;-29,515856;-29,516303;-29,508871;25,906726;25,987916;25,688281;NaN;9,523958;9,530660;9,518437;9,527032;2,149994;2,143626;2,167217;12,004261
16-11-25_324;C:\Users\au540322\Documents\Projects\Ice-Nucleation\Builds\Full Build\Data\Calibration_7/Images/16-11-25_324.PNG;-29,471213;-29,515442;-29,516140;-29,508938;25,901588;25,987619;25,685269;NaN;9,523935;9,530609;9,518416;9,527040;2,150397;2,143650;2,167455;12,004196
16-11-25_825;C:\Users\au540322\Documents\Projects\Ice-Nucleation\Builds\Full Build\Data\Calibration_7/Images/16-11-25_825.PNG;-29,471203;-29,515524;-29,515828;-29,509058;25,892924;25,985739;25,685758;NaN;9,523934;9,530619;9,518378;9,527055;2,151078;2,143797;2,167416;12,004182
16-11-26_325;C:\Users\au540322\Documents\Projects\Ice-Nucleation\Builds\Full Build\Data\Calibration_7/Images/16-11-26_325.PNG;-29,471294;-29,515856;-29,516193;-29,508453;25,890823;25,984042;25,687355;NaN;9,523945;9,530660;9,518423;9,526980;2,151243;2,143930;2,167290;12,004210
16-11-26_825;C:\Users\au540322\Documents\Projects\Ice-Nucleation\Builds\Full Build\Data\Calibration_7/Images/16-11-26_825.PNG;-29,471362;-29,515803;-29,516236;-29,508549;25,895063;25,983548;25,691278;NaN;9,523954;9,530653;9,518428;9,526992;2,150910;2,143968;2,166979;12,004193
16-11-27_326;C:\Users\au540322\Documents\Projects\Ice-Nucleation\Builds\Full Build\Data\Calibration_7/Images/16-11-27_326.PNG;-29,471438;-29,515534;-29,516102;-29,509188;25,901436;25,983974;25,697658;NaN;9,523963;9,530620;9,518412;9,527071;2,150409;2,143935;2,166475;12,004225
16-11-27_826;C:\Users\au540322\Documents\Projects\Ice-Nucleation\Builds\Full Build\Data\Calibration_7/Images/16-11-27_826.PNG;-29,471410;-29,515596;-29,515900;-29,508895;25,910399;25,984156;25,706971;NaN;9,523960;9,530628;9,518387;9,527035;2,149705;2,143921;2,165738;12,004224
16-11-28_325;C:\Users\au540322\Documents\Projects\Ice-Nucleation\Builds\Full Build\Data\Calibration_7/Images/16-11-28_325.PNG;-29,471218;-29,515548;-29,516020;-29,508669;25,915257;25,985808;25,712126;NaN;9,523936;9,530622;9,518402;9,527007;2,149324;2,143791;2,165330;12,004196
16-11-28_824;C:\Users\au540322\Documents\Projects\Ice-Nucleation\Builds\Full Build\Data\Calibration_7/Images/16-11-28_824.PNG;-29,471563;-29,515904;-29,516202;-29,509015;25,914688;25,984385;25,716197;NaN;9,523979;9,530666;9,518424;9,527050;2,149369;2,143903;2,165008;12,004211
16-11-29_324;C:\Users\au540322\Documents\Projects\Ice-Nucleation\Builds\Full Build\Data\Calibration_7/Images/16-11-29_324.PNG;-29,471654;-29,515664;-29,516202;-29,509015;25,911575;25,981318;25,718489;NaN;9,523990;9,530636;9,518424;9,527050;2,149613;2,144143;2,164827;12,004205
16-11-29_824;C:\Users\au540322\Documents\Projects\Ice-Nucleation\Builds\Full Build\Data\Calibration_7/Images/16-11-29_824.PNG;-29,470992;-29,515856;-29,515881;-29,508847;25,914058;25,979446;25,717403;NaN;9,523908;9,530660;9,518384;9,527029;2,149418;2,144290;2,164913;12,004203
16-11-30_325;C:\Users\au540322\Documents\Projects\Ice-Nucleation\Builds\Full Build\Data\Calibration_7/Images/16-11-30_325.PNG;-29,471405;-29,515563;-29,516236;-29,509251;25,912031;25,977986;25,716928;NaN;9,523959;9,530624;9,518428;9,527079;2,149577;2,144404;2,164950;12,004197
16-11-30_825;C:\Users\au540322\Documents\Projects\Ice-Nucleation\Builds\Full Build\Data\Calibration_7/Images/16-11-30_825.PNG;-29,471472;-29,515500;-29,516202;-29,509044;25,910551;25,976852;25,718526;NaN;9,523967;9,530616;9,518424;9,527053;2,149693;2,144493;2,164824;12,004163
16-11-31_326;C:\Users\au540322\Documents\Projects\Ice-Nucleation\Builds\Full Build\Data\Calibration_7/Images/16-11-31_326.PNG;-29,471918;-29,515726;-29,515986;-29,508957;25,912881;25,977210;25,720871;NaN;9,524023;9,530644;9,518397;9,527042;2,149511;2,144465;2,164639;12,004238
16-11-31_825;C:\Users\au540322\Documents\Projects\Ice-Nucleation\Builds\Full Build\Data\Calibration_7/Images/16-11-31_825.PNG;-29,471506;-29,515577;-29,515919;-29,508722;25,917269;25,976784;25,723020;NaN;9,523972;9,530625;9,518389;9,527013;2,149166;2,144498;2,164469;12,004210
16-11-32_325;C:\Users\au540322\Documents\Projects\Ice-Nucleation\Builds\Full Build\Data\Calibration_7/Images/16-11-32_325.PNG;-29,471395;-29,515654;-29,515794;-29,508703;25,917838;25,977453;25,728540;NaN;9,523958;9,530635;9,518374;9,527011;2,149121;2,144446;2,164033;12,004232
16-11-32_824;C:\Users\au540322\Documents\Projects\Ice-Nucleation\Builds\Full Build\Data\Calibration_7/Images/16-11-32_824.PNG;-29,471141;-29,515336;-29,516169;-29,509145;25,919843;25,978305;25,733178;NaN;9,523926;9,530596;9,518420;9,527066;2,148964;2,144379;2,163666;12,004210
16-11-33_325;C:\Users\au540322\Documents\Projects\Ice-Nucleation\Builds\Full Build\Data\Calibration_7/Images/16-11-33_325.PNG;-29,471410;-29,515606;-29,516332;-29,508688;25,923556;25,979340;25,737440;NaN;9,523960;9,530629;9,518440;9,527009;2,148672;2,144298;2,163329;12,004231
16-11-33_825;C:\Users\au540322\Documents\Projects\Ice-Nucleation\Builds\Full Build\Data\Calibration_7/Images/16-11-33_825.PNG;-29,471371;-29,515510;-29,516150;-29,508928;25,926107;25,982604;25,742669;NaN;9,523955;9,530617;9,518418;9,527039;2,148472;2,144042;2,162916;12,004215
16-11-34_325;C:\Users\au540322\Documents\Projects\Ice-Nucleation\Builds\Full Build\Data\Calibration_7/Images/16-11-34_325.PNG;-29,471602;-29,515721;-29,516049;-29,509284;25,928613;25,986013;25,748766;NaN;9,523984;9,530643;9,518405;9,527083;2,148276;2,143775;2,162435;12,004165
16-11-34_825;C:\Users\au540322\Documents\Projects\Ice-Nucleation\Builds\Full Build\Data\Calibration_7/Images/16-11-34_825.PNG;-29,471352;-29,515769;-29,516318;-29,508880;25,934052;25,989111;25,755725;NaN;9,523953;9,530649;9,518439;9,527033;2,147849;2,143533;2,161885;12,004256
16-11-35_325;C:\Users\au540322\Documents\Projects\Ice-Nucleation\Builds\Full Build\Data\Calibration_7/Images/16-11-35_325.PNG;-29,471506;-29,515668;-29,516284;-29,509025;25,941915;25,992932;25,759160;NaN;9,523972;9,530637;9,518434;9,527051;2,147232;2,143234;2,161614;12,004222
16-11-35_825;C:\Users\au540322\Documents\Projects\Ice-Nucleation\Builds\Full Build\Data\Calibration_7/Images/16-11-35_825.PNG;-29,471482;-29,515851;-29,515895;-29,508981;25,949598;25,996792;25,763660;NaN;9,523969;9,530659;9,518386;9,527045;2,146629;2,142931;2,161259;12,004222
16-11-36_325;C:\Users\au540322\Documents\Projects\Ice-Nucleation\Builds\Full Build\Data\Calibration_7/Images/16-11-36_325.PNG;-29,471616;-29,515447;-29,516246;-29,509001;25,958401;25,999776;25,770532;NaN;9,523985;9,530609;9,518430;9,527048;2,145939;2,142698;2,160716;12,004259
16-11-36_825;C:\Users\au540322\Documents\Projects\Ice-Nucleation\Builds\Full Build\Data\Calibration_7/Images/16-11-36_825.PNG;-29,471155;-29,515452;-29,516054;-29,509385;25,966134;26,003020;25,776923;NaN;9,523928;9,530610;9,518406;9,527096;2,145333;2,142444;2,160212;12,004197
16-11-37_326;C:\Users\au540322\Documents\Projects\Ice-Nucleation\Builds\Full Build\Data\Calibration_7/Images/16-11-37_326.PNG;-29,471501;-29,515370;-29,515780;-29,508938;25,971991;26,005723;25,780542;NaN;9,523971;9,530600;9,518372;9,527040;2,144874;2,142232;2,159926;12,004228
16-11-37_825;C:\Users\au540322\Documents\Projects\Ice-Nucleation\Builds\Full Build\Data\Calibration_7/Images/16-11-37_825.PNG;-29,471568;-29,515476;-29,515914;-29,508727;25,976920;26,008343;25,782242;NaN;9,523979;9,530613;9,518388;9,527014;2,144488;2,142027;2,159792;12,004236
16-11-38_325;C:\Users\au540322\Documents\Projects\Ice-Nucleation\Builds\Full Build\Data\Calibration_7/Images/16-11-38_325.PNG;-29,471520;-29,515240;-29,516130;-29,508645;25,981303;26,010293;25,782839;NaN;9,523973;9,530584;9,518415;9,527004;2,144144;2,141875;2,159745;12,004235
16-11-38_824;C:\Users\au540322\Documents\Projects\Ice-Nucleation\Builds\Full Build\Data\Calibration_7/Images/16-11-38_824.PNG;-29,471261;-29,515784;-29,515924;-29,508775;25,986379;26,013150;25,783942;NaN;9,523941;9,530651;9,518390;9,527020;2,143747;2,141651;2,159658;12,004222
16-11-39_325;C:\Users\au540322\Documents\Projects\Ice-Nucleation\Builds\Full Build\Data\Calibration_7/Images/16-11-39_325.PNG;-29,471717;-29,515563;-29,516126;-29,508645;25,990831;26,016357;25,785045;NaN;9,523998;9,530624;9,518415;9,527004;2,143398;2,141400;2,159571;12,004233
16-11-39_825;C:\Users\au540322\Documents\Projects\Ice-Nucleation\Builds\Full Build\Data\Calibration_7/Images/16-11-39_825.PNG;-29,471261;-29,515312;-29,515818;-29,508953;25,987178;26,018010;25,785634;NaN;9,523941;9,530593;9,518377;9,527042;2,143684;2,141271;2,159525;12,004227
16-11-40_324;C:\Users\au540322\Documents\Projects\Ice-Nucleation\Builds\Full Build\Data\Calibration_7/Images/16-11-40_324.PNG;-29,471419;-29,515967;-29,516102;-29,509102;25,982178;26,018879;25,786118;NaN;9,523961;9,530674;9,518412;9,527060;2,144076;2,141203;2,159487;12,004165
16-11-40_824;C:\Users\au540322\Documents\Projects\Ice-Nucleation\Builds\Full Build\Data\Calibration_7/Images/16-11-40_824.PNG;-29,470968;-29,515476;-29,516150;-29,508712;25,979507;26,017477;25,788136;NaN;9,523905;9,530613;9,518418;9,527012;2,144285;2,141312;2,159327;12,004165
16-11-41_324;C:\Users\au540322\Documents\Projects\Ice-Nucleation\Builds\Full Build\Data\Calibration_7/Images/16-11-41_324.PNG;-29,471659;-29,515380;-29,516414;-29,508741;25,981759;26,017500;25,790214;NaN;9,523991;9,530601;9,518450;9,527016;2,144109;2,141311;2,159163;12,004186
16-11-41_825;C:\Users\au540322\Documents\Projects\Ice-Nucleation\Builds\Full Build\Data\Calibration_7/Images/16-11-41_825.PNG;-29,471232;-29,515601;-29,516174;-29,508760;25,987163;26,017142;25,791393;NaN;9,523938;9,530628;9,518421;9,527018;2,143685;2,141339;2,159071;12,004231
16-11-42_324;C:\Users\au540322\Documents\Projects\Ice-Nucleation\Builds\Full Build\Data\Calibration_7/Images/16-11-42_324.PNG;-29,471002;-29,515510;-29,516193;-29,508486;25,991379;26,017652;25,790532;NaN;9,523909;9,530617;9,518423;9,526984;2,143355;2,141299;2,159138;12,004238
16-11-42_825;C:\Users\au540322\Documents\Projects\Ice-Nucleation\Builds\Full Build\Data\Calibration_7/Images/16-11-42_825.PNG;-29,471534;-29,515490;-29,515977;-29,508602;25,996936;26,017439;25,787879;NaN;9,523975;9,530615;9,518396;9,526998;2,142920;2,141315;2,159348;12,004221
16-11-43_325;C:\Users\au540322\Documents\Projects\Ice-Nucleation\Builds\Full Build\Data\Calibration_7/Images/16-11-43_325.PNG;-29,471328;-29,515293;-29,516020;-29,509284;26,000469;26,017416;25,786534;NaN;9,523950;9,530590;9,518402;9,527083;2,142643;2,141317;2,159454;12,004227
16-11-43_825;C:\Users\au540322\Documents\Projects\Ice-Nucleation\Builds\Full Build\Data\Calibration_7/Images/16-11-43_825.PNG;-29,471078;-29,515591;-29,516020;-29,509111;26,000058;26,016890;25,785627;NaN;9,523919;9,530627;9,518402;9,527062;2,142676;2,141358;2,159525;12,004233
16-11-44_325;C:\Users\au540322\Documents\Projects\Ice-Nucleation\Builds\Full Build\Data\Calibration_7/Images/16-11-44_325.PNG;-29,471213;-29,515577;-29,516193;-29,508563;25,987391;26,017225;25,785408;NaN;9,523935;9,530625;9,518423;9,526994;2,143667;2,141332;2,159543;12,004242
16-11-44_825;C:\Users\au540322\Documents\Projects\Ice-Nucleation\Builds\Full Build\Data\Calibration_7/Images/16-11-44_825.PNG;-29,471189;-29,515019;-29,516145;-29,509010;25,976015;26,016837;25,787826;NaN;9,523932;9,530556;9,518417;9,527049;2,144559;2,141363;2,159352;12,004241
16-11-45_324;C:\Users\au540322\Documents\Projects\Ice-Nucleation\Builds\Full Build\Data\Calibration_7/Images/16-11-45_324.PNG;-29,471323;-29,515317;-29,516164;-29,508654;25,977658;26,018924;25,788952;NaN;9,523949;9,530593;9,518419;9,527005;2,144430;2,141199;2,159263;12,004241
16-11-45_824;C:\Users\au540322\Documents\Projects\Ice-Nucleation\Builds\Full Build\Data\Calibration_7/Images/16-11-45_824.PNG;-29,471606;-29,515505;-29,516150;-29,508760;25,983007;26,021477;25,782544;NaN;9,523984;9,530616;9,518418;9,527018;2,144011;2,141000;2,159768;12,004184
16-11-46_325;C:\Users\au540322\Documents\Projects\Ice-Nucleation\Builds\Full Build\Data\Calibration_7/Images/16-11-46_325.PNG;-29,471434;-29,515601;-29,516001;-29,508578;25,985800;26,023504;25,775654;NaN;9,523963;9,530628;9,518399;9,526995;2,143792;2,140841;2,160312;12,004179
16-11-46_825;C:\Users\au540322\Documents\Projects\Ice-Nucleation\Builds\Full Build\Data\Calibration_7/Images/16-11-46_825.PNG;-29,471242;-29,515317;-29,515626;-29,508746;25,984438;26,025676;25,767715;NaN;9,523939;9,530593;9,518353;9,527016;2,143899;2,140671;2,160939;12,004215
16-11-47_325;C:\Users\au540322\Documents\Projects\Ice-Nucleation\Builds\Full Build\Data\Calibration_7/Images/16-11-47_325.PNG;-29,470800;-29,515620;-29,515958;-29,508669;25,986379;26,027947;25,760512;NaN;9,523884;9,530631;9,518394;9,527007;2,143747;2,140494;2,161507;12,004202
16-11-47_825;C:\Users\au540322\Documents\Projects\Ice-Nucleation\Builds\Full Build\Data\Calibration_7/Images/16-11-47_825.PNG;-29,471285;-29,515399;-29,516010;-29,508803;25,982071;26,029609;25,756933;NaN;9,523944;9,530603;9,518400;9,527023;2,144084;2,140364;2,161790;12,004205
16-11-48_324;C:\Users\au540322\Documents\Projects\Ice-Nucleation\Builds\Full Build\Data\Calibration_7/Images/16-11-48_324.PNG;-29,470901;-29,514894;-29,516015;-29,508510;25,972440;26,029929;25,759130;NaN;9,523897;9,530541;9,518401;9,526987;2,144839;2,140339;2,161616;12,004143
16-11-48_824;C:\Users\au540322\Documents\Projects\Ice-Nucleation\Builds\Full Build\Data\Calibration_7/Images/16-11-48_824.PNG;-29,471146;-29,515178;-29,516006;-29,508505;25,963701;26,031385;25,761712;NaN;9,523927;9,530576;9,518400;9,526986;2,145524;2,140225;2,161412;12,004196
16-11-49_324;C:\Users\au540322\Documents\Projects\Ice-Nucleation\Builds\Full Build\Data\Calibration_7/Images/16-11-49_324.PNG;-29,470838;-29,515510;-29,515554;-29,508366;25,950518;26,033710;25,760972;NaN;9,523889;9,530617;9,518344;9,526969;2,146557;2,140043;2,161471;12,004145
16-11-49_825;C:\Users\au540322\Documents\Projects\Ice-Nucleation\Builds\Full Build\Data\Calibration_7/Images/16-11-49_825.PNG;-29,471554;-29,515462;-29,516020;-29,508746;25,937394;26,035730;25,756223;NaN;9,523978;9,530611;9,518402;9,527016;2,147586;2,139885;2,161846;12,004179
16-11-50_325;C:\Users\au540322\Documents\Projects\Ice-Nucleation\Builds\Full Build\Data\Calibration_7/Images/16-11-50_325.PNG;-29,470954;-29,515187;-29,515785;-29,508722;25,925993;26,037643;25,748668;NaN;9,523903;9,530577;9,518372;9,527013;2,148481;2,139735;2,162442;12,004171
16-11-50_825;C:\Users\au540322\Documents\Projects\Ice-Nucleation\Builds\Full Build\Data\Calibration_7/Images/16-11-50_825.PNG;-29,471232;-29,515202;-29,515598;-29,508328;25,914786;26,039542;25,741809;NaN;9,523938;9,530579;9,518349;9,526964;2,149361;2,139587;2,162984;12,004170
16-11-51_326;C:\Users\au540322\Documents\Projects\Ice-Nucleation\Builds\Full Build\Data\Calibration_7/Images/16-11-51_326.PNG;-29,471208;-29,515259;-29,516006;-29,508693;25,905481;26,040968;25,736852;NaN;9,523935;9,530586;9,518400;9,527010;2,150092;2,139475;2,163376;12,004200
16-11-51_825;C:\Users\au540322\Documents\Projects\Ice-Nucleation\Builds\Full Build\Data\Calibration_7/Images/16-11-51_825.PNG;-29,471064;-29,515476;-29,515588;-29,508635;25,898477;26,042302;25,730885;NaN;9,523917;9,530613;9,518348;9,527003;2,150642;2,139371;2,163847;12,004144
16-11-52_325;C:\Users\au540322\Documents\Projects\Ice-Nucleation\Builds\Full Build\Data\Calibration_7/Images/16-11-52_325.PNG;-29,471246;-29,515235;-29,515866;-29,508938;25,897408;26,043027;25,726157;NaN;9,523939;9,530583;9,518383;9,527040;2,150726;2,139315;2,164221;12,004181
16-11-52_825;C:\Users\au540322\Documents\Projects\Ice-Nucleation\Builds\Full Build\Data\Calibration_7/Images/16-11-52_825.PNG;-29,471198;-29,515322;-29,515890;-29,508876;25,900496;26,043110;25,720833;NaN;9,523934;9,530594;9,518386;9,527032;2,150483;2,139308;2,164642;12,004202
16-11-53_325;C:\Users\au540322\Documents\Projects\Ice-Nucleation\Builds\Full Build\Data\Calibration_7/Images/16-11-53_325.PNG;-29,471045;-29,515380;-29,515948;-29,508578;25,901247;26,044376;25,718571;NaN;9,523914;9,530601;9,518393;9,526995;2,150424;2,139209;2,164821;12,004229
16-11-53_825;C:\Users\au540322\Documents\Projects\Ice-Nucleation\Builds\Full Build\Data\Calibration_7/Images/16-11-53_825.PNG;-29,471534;-29,515317;-29,515718;-29,508847;25,899357;26,043888;25,717373;NaN;9,523975;9,530593;9,518364;9,527029;2,150573;2,139247;2,164915;12,004205
16-11-54_325;C:\Users\au540322\Documents\Projects\Ice-Nucleation\Builds\Full Build\Data\Calibration_7/Images/16-11-54_325.PNG;-29,471050;-29,515332;-29,515698;-29,508794;25,895450;26,044178;25,719996;NaN;9,523915;9,530595;9,518362;9,527022;2,150880;2,139225;2,164708;12,004223
16-11-54_824;C:\Users\au540322\Documents\Projects\Ice-Nucleation\Builds\Full Build\Data\Calibration_7/Images/16-11-54_824.PNG;-29,471170;-29,515447;-29,515809;-29,509178;25,891771;26,044849;25,725252;NaN;9,523930;9,530609;9,518375;9,527070;2,151169;2,139172;2,164292;12,004175
16-11-55_325;C:\Users\au540322\Documents\Projects\Ice-Nucleation\Builds\Full Build\Data\Calibration_7/Images/16-11-55_325.PNG;-29,471016;-29,515207;-29,515842;-29,508770;25,885143;26,043705;25,732281;NaN;9,523911;9,530579;9,518380;9,527019;2,151690;2,139261;2,163737;12,004196
16-11-55_824;C:\Users\au540322\Documents\Projects\Ice-Nucleation\Builds\Full Build\Data\Calibration_7/Images/16-11-55_824.PNG;-29,471030;-29,515226;-29,515833;-29,508727;25,877287;26,043957;25,742239;NaN;9,523913;9,530582;9,518378;9,527014;2,152307;2,139242;2,162950;12,004203
16-11-56_324;C:\Users\au540322\Documents\Projects\Ice-Nucleation\Builds\Full Build\Data\Calibration_7/Images/16-11-56_324.PNG;-29,471054;-29,515591;-29,515722;-29,508299;25,872292;26,043926;25,752706;NaN;9,523916;9,530627;9,518365;9,526961;2,152700;2,139244;2,162123;12,004179
16-11-56_825;C:\Users\au540322\Documents\Projects\Ice-Nucleation\Builds\Full Build\Data\Calibration_7/Images/16-11-56_825.PNG;-29,471222;-29,514985;-29,515694;-29,508433;25,868169;26,043682;25,761750;NaN;9,523936;9,530552;9,518361;9,526978;2,153024;2,139263;2,161409;12,004176
16-11-57_325;C:\Users\au540322\Documents\Projects\Ice-Nucleation\Builds\Full Build\Data\Calibration_7/Images/16-11-57_325.PNG;-29,471194;-29,515163;-29,515943;-29,508818;25,864076;26,043667;25,765102;NaN;9,523933;9,530574;9,518392;9,527025;2,153346;2,139264;2,161145;12,004185
16-11-57_825;C:\Users\au540322\Documents\Projects\Ice-Nucleation\Builds\Full Build\Data\Calibration_7/Images/16-11-57_825.PNG;-29,471222;-29,515269;-29,516102;-29,507982;25,863660;26,045413;25,764362;NaN;9,523936;9,530587;9,518412;9,526921;2,153379;2,139128;2,161203;12,004216
16-11-58_325;C:\Users\au540322\Documents\Projects\Ice-Nucleation\Builds\Full Build\Data\Calibration_7/Images/16-11-58_325.PNG;-29,471078;-29,515192;-29,515367;-29,508818;25,868320;26,046474;25,762059;NaN;9,523919;9,530578;9,518321;9,527025;2,153012;2,139045;2,161385;12,004174
16-11-58_824;C:\Users\au540322\Documents\Projects\Ice-Nucleation\Builds\Full Build\Data\Calibration_7/Images/16-11-58_824.PNG;-29,471270;-29,514956;-29,515794;-29,508832;25,874793;26,047541;25,758201;NaN;9,523942;9,530548;9,518374;9,527027;2,152503;2,138962;2,161690;12,004196
16-11-59_325;C:\Users\au540322\Documents\Projects\Ice-Nucleation\Builds\Full Build\Data\Calibration_7/Images/16-11-59_325.PNG;-29,470723;-29,515207;-29,516231;-29,508256;25,882026;26,048495;25,753506;NaN;9,523874;9,530579;9,518428;9,526955;2,151935;2,138887;2,162060;12,004179
16-11-59_824;C:\Users\au540322\Documents\Projects\Ice-Nucleation\Builds\Full Build\Data\Calibration_7/Images/16-11-59_824.PNG;-29,470766;-29,515120;-29,515593;-29,508664;25,888313;26,048792;25,750087;NaN;9,523880;9,530569;9,518349;9,527006;2,151441;2,138864;2,162330;12,004261
16-12-00_324;C:\Users\au540322\Documents\Projects\Ice-Nucleation\Builds\Full Build\Data\Calibration_7/Images/16-12-00_324.PNG;-29,471059;-29,515081;-29,515746;-29,508736;25,893228;26,049257;25,747996;NaN;9,523916;9,530564;9,518368;9,527015;2,151054;2,138828;2,162495;12,004233
16-12-00_824;C:\Users\au540322\Documents\Projects\Ice-Nucleation\Builds\Full Build\Data\Calibration_7/Images/16-12-00_824.PNG;-29,471410;-29,515471;-29,515660;-29,508722;25,894495;26,049715;25,746344;NaN;9,523960;9,530612;9,518357;9,527013;2,150955;2,138792;2,162626;12,004222
16-12-01_324;C:\Users\au540322\Documents\Projects\Ice-Nucleation\Builds\Full Build\Data\Calibration_7/Images/16-12-01_324.PNG;-29,470920;-29,515668;-29,516150;-29,508683;25,891893;26,050089;25,748268;NaN;9,523899;9,530637;9,518418;9,527009;2,151159;2,138763;2,162474;12,004201
16-12-01_825;C:\Users\au540322\Documents\Projects\Ice-Nucleation\Builds\Full Build\Data\Calibration_7/Images/16-12-01_825.PNG;-29,470997;-29,515240;-29,515818;-29,508683;25,893971;26,050005;25,752351;NaN;9,523908;9,530584;9,518377;9,527009;2,150996;2,138769;2,162151;12,004201
16-12-02_325;C:\Users\au540322\Documents\Projects\Ice-Nucleation\Builds\Full Build\Data\Calibration_7/Images/16-12-02_325.PNG;-29,470901;-29,515091;-29,515660;-29,508486;25,898333;26,051660;25,750947;NaN;9,523897;9,530565;9,518357;9,526984;2,150653;2,138640;2,162262;12,004199
16-12-02_824;C:\Users\au540322\Documents\Projects\Ice-Nucleation\Builds\Full Build\Data\Calibration_7/Images/16-12-02_824.PNG;-29,471045;-29,515606;-29,515670;-29,508371;25,902886;26,052835;25,747649;NaN;9,523914;9,530629;9,518358;9,526970;2,150296;2,138548;2,162523;12,004190
16-12-03_325;C:\Users\au540322\Documents\Projects\Ice-Nucleation\Builds\Full Build\Data\Calibration_7/Images/16-12-03_325.PNG;-29,471078;-29,515024;-29,515689;-29,508602;25,908023;26,054254;25,741130;NaN;9,523919;9,530557;9,518360;9,526998;2,149892;2,138437;2,163038;12,004203
16-12-03_824;C:\Users\au540322\Documents\Projects\Ice-Nucleation\Builds\Full Build\Data\Calibration_7/Images/16-12-03_824.PNG;-29,471040;-29,515490;-29,515588;-29,509010;25,911226;26,056398;25,735124;NaN;9,523914;9,530615;9,518348;9,527049;2,149640;2,138270;2,163512;12,004253
16-12-04_325;C:\Users\au540322\Documents\Projects\Ice-Nucleation\Builds\Full Build\Data\Calibration_7/Images/16-12-04_325.PNG;-29,471266;-29,515091;-29,515641;-29,508650;25,913177;26,057977;25,731941;NaN;9,523942;9,530565;9,518355;9,527004;2,149487;2,138146;2,163764;12,004210
16-12-04_824;C:\Users\au540322\Documents\Projects\Ice-Nucleation\Builds\Full Build\Data\Calibration_7/Images/16-12-04_824.PNG;-29,471040;-29,515014;-29,516188;-29,508587;25,912494;26,059282;25,732145;NaN;9,523914;9,530556;9,518422;9,526997;2,149541;2,138044;2,163748;12,004160
16-12-05_325;C:\Users\au540322\Documents\Projects\Ice-Nucleation\Builds\Full Build\Data\Calibration_7/Images/16-12-05_325.PNG;-29,471246;-29,515587;-29,515631;-29,508664;25,907386;26,061258;25,733314;NaN;9,523939;9,530627;9,518353;9,527006;2,149942;2,137890;2,163655;12,004182
16-12-05_824;C:\Users\au540322\Documents\Projects\Ice-Nucleation\Builds\Full Build\Data\Calibration_7/Images/16-12-05_824.PNG;-29,471309;-29,515264;-29,515650;-29,508284;25,911370;26,060830;25,730697;NaN;9,523947;9,530587;9,518356;9,526959;2,149629;2,137923;2,163862;12,004241
16-12-06_325;C:\Users\au540322\Documents\Projects\Ice-Nucleation\Builds\Full Build\Data\Calibration_7/Images/16-12-06_325.PNG;-29,471002;-29,515168;-29,515679;-29,508597;25,919918;26,063112;25,729249;NaN;9,523909;9,530575;9,518359;9,526998;2,148958;2,137745;2,163977;12,004190
16-12-06_825;C:\Users\au540322\Documents\Projects\Ice-Nucleation\Builds\Full Build\Data\Calibration_7/Images/16-12-06_825.PNG;-29,471462;-29,515558;-29,515900;-29,508246;25,928636;26,065035;25,722507;NaN;9,523966;9,530623;9,518387;9,526954;2,148274;2,137595;2,164509;12,004169
16-12-07_327;C:\Users\au540322\Documents\Projects\Ice-Nucleation\Builds\Full Build\Data\Calibration_7/Images/16-12-07_327.PNG;-29,471045;-29,514995;-29,515612;-29,508203;25,935153;26,066836;25,720569;NaN;9,523914;9,530553;9,518351;9,526949;2,147762;2,137454;2,164663;12,004193
16-12-07_825;C:\Users\au540322\Documents\Projects\Ice-Nucleation\Builds\Full Build\Data\Calibration_7/Images/16-12-07_825.PNG;-29,471261;-29,514976;-29,515804;-29,508467;25,941740;26,066569;25,718737;NaN;9,523941;9,530551;9,518375;9,526982;2,147246;2,137475;2,164807;12,004186
16-12-08_325;C:\Users\au540322\Documents\Projects\Ice-Nucleation\Builds\Full Build\Data\Calibration_7/Images/16-12-08_325.PNG;-29,471059;-29,515259;-29,515631;-29,508664;25,951278;26,064944;25,711749;NaN;9,523916;9,530586;9,518353;9,527006;2,146497;2,137602;2,165360;12,004185
16-12-08_826;C:\Users\au540322\Documents\Projects\Ice-Nucleation\Builds\Full Build\Data\Calibration_7/Images/16-12-08_826.PNG;-29,470829;-29,515000;-29,515550;-29,508477;25,960416;26,063745;25,707830;NaN;9,523888;9,530554;9,518343;9,526983;2,145781;2,137696;2,165670;12,004205
16-12-09_325;C:\Users\au540322\Documents\Projects\Ice-Nucleation\Builds\Full Build\Data\Calibration_7/Images/16-12-09_325.PNG;-29,470997;-29,514894;-29,516073;-29,508308;25,966545;26,063662;25,704326;NaN;9,523908;9,530541;9,518408;9,526962;2,145301;2,137702;2,165947;12,004192
16-12-09_824;C:\Users\au540322\Documents\Projects\Ice-Nucleation\Builds\Full Build\Data\Calibration_7/Images/16-12-09_824.PNG;-29,470862;-29,515043;-29,515828;-29,508477;25,965039;26,063677;25,700386;NaN;9,523892;9,530559;9,518378;9,526983;2,145419;2,137701;2,166259;12,004153
16-12-10_325;C:\Users\au540322\Documents\Projects\Ice-Nucleation\Builds\Full Build\Data\Calibration_7/Images/16-12-10_325.PNG;-29,471342;-29,515558;-29,515929;-29,508371;25,968165;26,064150;25,696544;NaN;9,523951;9,530623;9,518390;9,526970;2,145174;2,137664;2,166563;12,004207
16-12-10_825;C:\Users\au540322\Documents\Projects\Ice-Nucleation\Builds\Full Build\Data\Calibration_7/Images/16-12-10_825.PNG;-29,470939;-29,515231;-29,515598;-29,508501;25,974030;26,062326;25,692009;NaN;9,523901;9,530582;9,518349;9,526986;2,144714;2,137807;2,166922;12,004194
16-12-11_324;C:\Users\au540322\Documents\Projects\Ice-Nucleation\Builds\Full Build\Data\Calibration_7/Images/16-12-11_324.PNG;-29,471232;-29,514966;-29,515670;-29,508491;25,978701;26,063486;25,686195;NaN;9,523938;9,530550;9,518358;9,526985;2,144348;2,137716;2,167382;12,004231
16-12-11_825;C:\Users\au540322\Documents\Projects\Ice-Nucleation\Builds\Full Build\Data\Calibration_7/Images/16-12-11_825.PNG;-29,470723;-29,515226;-29,515756;-29,508736;25,974083;26,064112;25,684493;NaN;9,523874;9,530582;9,518369;9,527015;2,144710;2,137667;2,167516;12,004211
16-12-12_325;C:\Users\au540322\Documents\Projects\Ice-Nucleation\Builds\Full Build\Data\Calibration_7/Images/16-12-12_325.PNG;-29,471222;-29,515240;-29,515780;-29,508332;25,965557;26,063227;25,685502;NaN;9,523936;9,530584;9,518372;9,526965;2,145378;2,137736;2,167437;12,004204
16-12-12_824;C:\Users\au540322\Documents\Projects\Ice-Nucleation\Builds\Full Build\Data\Calibration_7/Images/16-12-12_824.PNG;-29,471083;-29,515096;-29,515842;-29,508284;25,957823;26,062677;25,692099;NaN;9,523919;9,530566;9,518380;9,526959;2,145984;2,137779;2,166914;12,004213
16-12-13_324;C:\Users\au540322\Documents\Projects\Ice-Nucleation\Builds\Full Build\Data\Calibration_7/Images/16-12-13_324.PNG;-29,470805;-29,515394;-29,515708;-29,508385;25,955254;26,060785;25,694495;NaN;9,523885;9,530603;9,518363;9,526972;2,146186;2,137927;2,166725;12,004199
16-12-13_825;C:\Users\au540322\Documents\Projects\Ice-Nucleation\Builds\Full Build\Data\Calibration_7/Images/16-12-13_825.PNG;-29,470834;-29,515399;-29,515622;-29,508140;25,940943;26,059373;25,692732;NaN;9,523888;9,530603;9,518352;9,526941;2,147308;2,138037;2,166864;12,004191
16-12-14_325;C:\Users\au540322\Documents\Projects\Ice-Nucleation\Builds\Full Build\Data\Calibration_7/Images/16-12-14_325.PNG;-29,471088;-29,514870;-29,515737;-29,508611;25,931431;26,059976;25,693651;NaN;9,523920;9,530538;9,518366;9,527000;2,148054;2,137990;2,166792;12,004241
16-12-14_824;C:\Users\au540322\Documents\Projects\Ice-Nucleation\Builds\Full Build\Data\Calibration_7/Images/16-12-14_824.PNG;-29,470838;-29,515399;-29,515838;-29,508856;25,934234;26,060266;25,697666;NaN;9,523889;9,530603;9,518379;9,527030;2,147834;2,137967;2,166474;12,004198
16-12-15_325;C:\Users\au540322\Documents\Projects\Ice-Nucleation\Builds\Full Build\Data\Calibration_7/Images/16-12-15_325.PNG;-29,471194;-29,515447;-29,515684;-29,508852;25,936711;26,058625;25,695489;NaN;9,523933;9,530609;9,518360;9,527029;2,147640;2,138096;2,166646;12,004218
16-12-15_824;C:\Users\au540322\Documents\Projects\Ice-Nucleation\Builds\Full Build\Data\Calibration_7/Images/16-12-15_824.PNG;-29,470728;-29,515360;-29,515410;-29,508544;25,941437;26,055795;25,691022;NaN;9,523875;9,530598;9,518326;9,526991;2,147269;2,138317;2,167000;12,004197
16-12-16_324;C:\Users\au540322\Documents\Projects\Ice-Nucleation\Builds\Full Build\Data\Calibration_7/Images/16-12-16_324.PNG;-29,471030;-29,515221;-29,515670;-29,508299;25,946270;26,053308;25,688130;NaN;9,523913;9,530581;9,518358;9,526961;2,146890;2,138511;2,167229;12,004209
16-12-16_824;C:\Users\au540322\Documents\Projects\Ice-Nucleation\Builds\Full Build\Data\Calibration_7/Images/16-12-16_824.PNG;-29,470901;-29,515538;-29,515785;-29,508866;25,947759;26,052553;25,686187;NaN;9,523897;9,530621;9,518372;9,527031;2,146773;2,138570;2,167382;12,004226
16-12-17_325;C:\Users\au540322\Documents\Projects\Ice-Nucleation\Builds\Full Build\Data\Calibration_7/Images/16-12-17_325.PNG;-29,471088;-29,515514;-29,515578;-29,508679;25,948139;26,049570;25,683763;NaN;9,523920;9,530618;9,518347;9,527008;2,146744;2,138803;2,167574;12,004163
16-12-17_824;C:\Users\au540322\Documents\Projects\Ice-Nucleation\Builds\Full Build\Data\Calibration_7/Images/16-12-17_824.PNG;-29,471040;-29,514995;-29,515876;-29,508779;25,950214;26,047610;25,681376;NaN;9,523914;9,530553;9,518384;9,527020;2,146581;2,138956;2,167763;12,004186
16-12-18_325;C:\Users\au540322\Documents\Projects\Ice-Nucleation\Builds\Full Build\Data\Calibration_7/Images/16-12-18_325.PNG;-29,470920;-29,515279;-29,516106;-29,508525;25,956196;26,046695;25,679893;NaN;9,523899;9,530588;9,518412;9,526989;2,146112;2,139028;2,167881;12,004205
16-12-18_824;C:\Users\au540322\Documents\Projects\Ice-Nucleation\Builds\Full Build\Data\Calibration_7/Images/16-12-18_824.PNG;-29,471006;-29,515029;-29,515631;-29,508188;25,965359;26,046054;25,675173;NaN;9,523910;9,530557;9,518353;9,526947;2,145394;2,139078;2,168254;12,004153
16-12-19_324;C:\Users\au540322\Documents\Projects\Ice-Nucleation\Builds\Full Build\Data\Calibration_7/Images/16-12-19_324.PNG;-29,471275;-29,515207;-29,515751;-29,508602;25,971010;26,045642;25,670235;NaN;9,523943;9,530579;9,518368;9,526998;2,144951;2,139110;2,168645;12,004189
16-12-19_824;C:\Users\au540322\Documents\Projects\Ice-Nucleation\Builds\Full Build\Data\Calibration_7/Images/16-12-19_824.PNG;-29,471203;-29,515466;-29,515521;-29,508481;25,969709;26,045337;25,670092;NaN;9,523934;9,530612;9,518340;9,526983;2,145053;2,139134;2,168657;12,004252
16-12-20_324;C:\Users\au540322\Documents\Projects\Ice-Nucleation\Builds\Full Build\Data\Calibration_7/Images/16-12-20_324.PNG;-29,471347;-29,515226;-29,515554;-29,508789;25,965100;26,045330;25,670325;NaN;9,523952;9,530582;9,518344;9,527022;2,145414;2,139135;2,168638;12,004192
16-12-20_824;C:\Users\au540322\Documents\Projects\Ice-Nucleation\Builds\Full Build\Data\Calibration_7/Images/16-12-20_824.PNG;-29,471088;-29,515173;-29,515799;-29,508554;25,962157;26,046031;25,671236;NaN;9,523920;9,530575;9,518374;9,526992;2,145645;2,139080;2,168566;12,004219
16-12-21_325;C:\Users\au540322\Documents\Projects\Ice-Nucleation\Builds\Full Build\Data\Calibration_7/Images/16-12-21_325.PNG;-29,471083;-29,515207;-29,515684;-29,508683;25,965845;26,047412;25,668609;NaN;9,523919;9,530579;9,518360;9,527009;2,145355;2,138972;2,168774;12,004236
16-12-21_824;C:\Users\au540322\Documents\Projects\Ice-Nucleation\Builds\Full Build\Data\Calibration_7/Images/16-12-21_824.PNG;-29,471050;-29,514918;-29,515967;-29,508573;25,966355;26,049982;25,669716;NaN;9,523915;9,530544;9,518395;9,526995;2,145316;2,138771;2,168687;12,004196
16-12-22_325;C:\Users\au540322\Documents\Projects\Ice-Nucleation\Builds\Full Build\Data\Calibration_7/Images/16-12-22_325.PNG;-29,470872;-29,515231;-29,515622;-29,508765;25,964423;26,049341;25,675594;NaN;9,523893;9,530582;9,518352;9,527019;2,145467;2,138821;2,168221;12,004187
16-12-22_826;C:\Users\au540322\Documents\Projects\Ice-Nucleation\Builds\Full Build\Data\Calibration_7/Images/16-12-22_826.PNG;-29,471160;-29,515543;-29,515578;-29,508486;25,965731;26,044781;25,678733;NaN;9,523929;9,530621;9,518347;9,526984;2,145364;2,139177;2,167972;12,004202
16-12-23_325;C:\Users\au540322\Documents\Projects\Ice-Nucleation\Builds\Full Build\Data\Calibration_7/Images/16-12-23_325.PNG;-29,470944;-29,515264;-29,515828;-29,508529;25,966849;26,042531;25,681195;NaN;9,523902;9,530587;9,518378;9,526989;2,145277;2,139353;2,167778;12,004188
16-12-23_825;C:\Users\au540322\Documents\Projects\Ice-Nucleation\Builds\Full Build\Data\Calibration_7/Images/16-12-23_825.PNG;-29,471035;-29,515187;-29,515583;-29,508419;25,967762;26,037308;25,685510;NaN;9,523913;9,530577;9,518347;9,526976;2,145205;2,139762;2,167436;12,004203
16-12-24_324;C:\Users\au540322\Documents\Projects\Ice-Nucleation\Builds\Full Build\Data\Calibration_7/Images/16-12-24_324.PNG;-29,471429;-29,515346;-29,515554;-29,508832;25,958675;26,030439;25,689983;NaN;9,523962;9,530597;9,518344;9,527027;2,145918;2,140299;2,167082;12,004172
16-12-24_825;C:\Users\au540322\Documents\Projects\Ice-Nucleation\Builds\Full Build\Data\Calibration_7/Images/16-12-24_825.PNG;-29,471050;-29,515033;-29,515674;-29,508592;25,947546;26,024418;25,695029;NaN;9,523915;9,530558;9,518359;9,526997;2,146790;2,140769;2,166683;12,004198
16-12-25_325;C:\Users\au540322\Documents\Projects\Ice-Nucleation\Builds\Full Build\Data\Calibration_7/Images/16-12-25_325.PNG;-29,470891;-29,515048;-29,515746;-29,508097;25,943207;26,018246;25,690540;NaN;9,523895;9,530560;9,518368;9,526936;2,147130;2,141252;2,167038;12,004169
16-12-25_825;C:\Users\au540322\Documents\Projects\Ice-Nucleation\Builds\Full Build\Data\Calibration_7/Images/16-12-25_825.PNG;-29,470939;-29,515154;-29,515367;-29,508563;25,946277;26,010758;25,683830;NaN;9,523901;9,530573;9,518321;9,526994;2,146890;2,141838;2,167569;12,004215
16-12-26_324;C:\Users\au540322\Documents\Projects\Ice-Nucleation\Builds\Full Build\Data\Calibration_7/Images/16-12-26_324.PNG;-29,471126;-29,515298;-29,515569;-29,508313;25,946049;26,003682;25,678643;NaN;9,523925;9,530591;9,518346;9,526963;2,146908;2,142392;2,167980;12,004192
16-12-26_825;C:\Users\au540322\Documents\Projects\Ice-Nucleation\Builds\Full Build\Data\Calibration_7/Images/16-12-26_825.PNG;-29,470819;-29,515538;-29,515914;-29,508703;25,948861;25,998657;25,674615;NaN;9,523886;9,530621;9,518388;9,527011;2,146687;2,142785;2,168298;12,004193
16-12-27_325;C:\Users\au540322\Documents\Projects\Ice-Nucleation\Builds\Full Build\Data\Calibration_7/Images/16-12-27_325.PNG;-29,471170;-29,515288;-29,515698;-29,508155;25,955360;25,994059;25,671605;NaN;9,523930;9,530590;9,518362;9,526943;2,146177;2,143145;2,168537;12,004245
16-12-27_825;C:\Users\au540322\Documents\Projects\Ice-Nucleation\Builds\Full Build\Data\Calibration_7/Images/16-12-27_825.PNG;-29,471030;-29,515327;-29,515247;-29,508241;25,957899;25,990808;25,673727;NaN;9,523913;9,530594;9,518306;9,526954;2,145978;2,143400;2,168369;12,004196
16-12-28_324;C:\Users\au540322\Documents\Projects\Ice-Nucleation\Builds\Full Build\Data\Calibration_7/Images/16-12-28_324.PNG;-29,471482;-29,515317;-29,515314;-29,508664;25,958546;25,988997;25,680156;NaN;9,523969;9,530593;9,518314;9,527006;2,145928;2,143542;2,167860;12,004203
16-12-28_825;C:\Users\au540322\Documents\Projects\Ice-Nucleation\Builds\Full Build\Data\Calibration_7/Images/16-12-28_825.PNG;-29,471112;-29,515279;-29,515722;-29,508102;25,961998;25,988905;25,684252;NaN;9,523923;9,530588;9,518365;9,526936;2,145657;2,143549;2,167536;12,004216
16-12-29_325;C:\Users\au540322\Documents\Projects\Ice-Nucleation\Builds\Full Build\Data\Calibration_7/Images/16-12-29_325.PNG;-29,470992;-29,515221;-29,515684;-29,508390;25,967367;25,989788;25,682829;NaN;9,523908;9,530581;9,518360;9,526972;2,145236;2,143480;2,167648;12,004207
16-12-29_825;C:\Users\au540322\Documents\Projects\Ice-Nucleation\Builds\Full Build\Data\Calibration_7/Images/16-12-29_825.PNG;-29,471203;-29,515380;-29,515516;-29,508539;25,973969;25,988677;25,679328;NaN;9,523934;9,530601;9,518339;9,526991;2,144719;2,143567;2,167925;12,004196
16-12-30_325;C:\Users\au540322\Documents\Projects\Ice-Nucleation\Builds\Full Build\Data\Calibration_7/Images/16-12-30_325.PNG;-29,470834;-29,515120;-29,515588;-29,508688;25,979850;25,987771;25,677687;NaN;9,523888;9,530569;9,518348;9,527009;2,144258;2,143638;2,168055;12,004181
16-12-30_826;C:\Users\au540322\Documents\Projects\Ice-Nucleation\Builds\Full Build\Data\Calibration_7/Images/16-12-30_826.PNG;-29,470862;-29,515529;-29,515905;-29,508299;25,983852;25,989202;25,680021;NaN;9,523892;9,530619;9,518387;9,526961;2,143945;2,143526;2,167871;12,004192
16-12-31_325;C:\Users\au540322\Documents\Projects\Ice-Nucleation\Builds\Full Build\Data\Calibration_7/Images/16-12-31_325.PNG;-29,471290;-29,515134;-29,515583;-29,508515;25,989727;25,991524;25,681624;NaN;9,523945;9,530570;9,518347;9,526988;2,143484;2,143344;2,167744;12,004154
16-12-31_825;C:\Users\au540322\Documents\Projects\Ice-Nucleation\Builds\Full Build\Data\Calibration_7/Images/16-12-31_825.PNG;-29,471059;-29,515269;-29,515943;-29,508486;25,995117;25,994028;25,681157;NaN;9,523916;9,530587;9,518392;9,526984;2,143062;2,143148;2,167781;12,004156
16-12-32_325;C:\Users\au540322\Documents\Projects\Ice-Nucleation\Builds\Full Build\Data\Calibration_7/Images/16-12-32_325.PNG;-29,470978;-29,515024;-29,515982;-29,508246;26,002769;25,996282;25,686594;NaN;9,523906;9,530557;9,518397;9,526954;2,142463;2,142971;2,167350;12,004239
16-12-32_824;C:\Users\au540322\Documents\Projects\Ice-Nucleation\Builds\Full Build\Data\Calibration_7/Images/16-12-32_824.PNG;-29,471227;-29,515664;-29,515804;-29,508448;26,008899;25,998269;25,691196;NaN;9,523937;9,530636;9,518375;9,526979;2,141984;2,142816;2,166986;12,004180
16-12-33_324;C:\Users\au540322\Documents\Projects\Ice-Nucleation\Builds\Full Build\Data\Calibration_7/Images/16-12-33_324.PNG;-29,470958;-29,515130;-29,515790;-29,508602;26,016509;26,000401;25,692393;NaN;9,523904;9,530570;9,518373;9,526998;2,141388;2,142649;2,166891;12,004213
16-12-33_825;C:\Users\au540322\Documents\Projects\Ice-Nucleation\Builds\Full Build\Data\Calibration_7/Images/16-12-33_825.PNG;-29,471299;-29,515356;-29,515593;-29,508477;26,020631;26,002997;25,691602;NaN;9,523946;9,530598;9,518349;9,526983;2,141066;2,142446;2,166954;12,004203
16-12-34_324;C:\Users\au540322\Documents\Projects\Ice-Nucleation\Builds\Full Build\Data\Calibration_7/Images/16-12-34_324.PNG;-29,470762;-29,515062;-29,515559;-29,508621;26,023252;26,004497;25,692265;NaN;9,523879;9,530562;9,518344;9,527001;2,140861;2,142328;2,166901;12,004212
16-12-34_824;C:\Users\au540322\Documents\Projects\Ice-Nucleation\Builds\Full Build\Data\Calibration_7/Images/16-12-34_824.PNG;-29,471467;-29,515284;-29,515972;-29,508688;26,031735;26,006713;25,692122;NaN;9,523967;9,530589;9,518396;9,527009;2,140197;2,142155;2,166913;12,004202
16-12-35_325;C:\Users\au540322\Documents\Projects\Ice-Nucleation\Builds\Full Build\Data\Calibration_7/Images/16-12-35_325.PNG;-29,471194;-29,515255;-29,516054;-29,508448;26,039588;26,009021;25,692740;NaN;9,523933;9,530585;9,518406;9,526979;2,139583;2,141974;2,166864;12,004215
16-12-35_824;C:\Users\au540322\Documents\Projects\Ice-Nucleation\Builds\Full Build\Data\Calibration_7/Images/16-12-35_824.PNG;-29,470906;-29,515601;-29,515410;-29,508347;26,048586;26,011337;25,691497;NaN;9,523897;9,530628;9,518326;9,526967;2,138880;2,141793;2,166962;12,004208
16-12-36_325;C:\Users\au540322\Documents\Projects\Ice-Nucleation\Builds\Full Build\Data\Calibration_7/Images/16-12-36_325.PNG;-29,471318;-29,515370;-29,516049;-29,508256;26,057099;26,013691;25,694103;NaN;9,523948;9,530600;9,518405;9,526955;2,138215;2,141609;2,166756;12,004180
16-12-36_825;C:\Users\au540322\Documents\Projects\Ice-Nucleation\Builds\Full Build\Data\Calibration_7/Images/16-12-36_825.PNG;-29,470886;-29,515452;-29,515598;-29,508794;26,064058;26,016395;25,695067;NaN;9,523895;9,530610;9,518349;9,527022;2,137671;2,141397;2,166680;12,004219
16-12-37_325;C:\Users\au540322\Documents\Projects\Ice-Nucleation\Builds\Full Build\Data\Calibration_7/Images/16-12-37_325.PNG;-29,471477;-29,515308;-29,515722;-29,508299;26,071172;26,018353;25,692468;NaN;9,523968;9,530592;9,518365;9,526961;2,137116;2,141244;2,166885;12,004216
16-12-37_825;C:\Users\au540322\Documents\Projects\Ice-Nucleation\Builds\Full Build\Data\Calibration_7/Images/16-12-37_825.PNG;-29,470982;-29,515057;-29,515458;-29,508376;26,077004;26,020685;25,690646;NaN;9,523907;9,530561;9,518332;9,526970;2,136660;2,141062;2,167030;12,004174
16-12-38_324;C:\Users\au540322\Documents\Projects\Ice-Nucleation\Builds\Full Build\Data\Calibration_7/Images/16-12-38_324.PNG;-29,471006;-29,515235;-29,515708;-29,508741;26,080234;26,023633;25,687919;NaN;9,523910;9,530583;9,518363;9,527016;2,136408;2,140831;2,167245;12,004157
16-12-38_824;C:\Users\au540322\Documents\Projects\Ice-Nucleation\Builds\Full Build\Data\Calibration_7/Images/16-12-38_824.PNG;-29,471410;-29,515192;-29,515833;-29,508361;26,083319;26,025836;25,684892;NaN;9,523960;9,530578;9,518378;9,526969;2,136167;2,140659;2,167485;12,004223
16-12-39_325;C:\Users\au540322\Documents\Projects\Ice-Nucleation\Builds\Full Build\Data\Calibration_7/Images/16-12-39_325.PNG;-29,471323;-29,515514;-29,515857;-29,508630;26,083716;26,026453;25,682558;NaN;9,523949;9,530618;9,518381;9,527002;2,136136;2,140610;2,167670;12,004209
16-12-39_825;C:\Users\au540322\Documents\Projects\Ice-Nucleation\Builds\Full Build\Data\Calibration_7/Images/16-12-39_825.PNG;-29,471419;-29,515437;-29,515823;-29,508621;26,083662;26,027284;25,678319;NaN;9,523961;9,530608;9,518377;9,527001;2,136141;2,140545;2,168005;12,004166
16-12-40_325;C:\Users\au540322\Documents\Projects\Ice-Nucleation\Builds\Full Build\Data\Calibration_7/Images/16-12-40_325.PNG;-29,470997;-29,515125;-29,515636;-29,508578;26,084082;26,028923;25,674126;NaN;9,523908;9,530569;9,518354;9,526995;2,136108;2,140417;2,168337;12,004193
16-12-40_825;C:\Users\au540322\Documents\Projects\Ice-Nucleation\Builds\Full Build\Data\Calibration_7/Images/16-12-40_825.PNG;-29,471198;-29,515668;-29,515814;-29,508616;26,083869;26,029380;25,669234;NaN;9,523934;9,530637;9,518376;9,527000;2,136124;2,140381;2,168725;12,004225
16-12-41_324;C:\Users\au540322\Documents\Projects\Ice-Nucleation\Builds\Full Build\Data\Calibration_7/Images/16-12-41_324.PNG;-29,471222;-29,515500;-29,515953;-29,508366;26,081616;26,028923;25,665893;NaN;9,523936;9,530616;9,518393;9,526969;2,136300;2,140417;2,168989;12,004174
16-12-41_824;C:\Users\au540322\Documents\Projects\Ice-Nucleation\Builds\Full Build\Data\Calibration_7/Images/16-12-41_824.PNG;-29,471078;-29,515187;-29,515991;-29,508712;26,080555;26,029159;25,663515;NaN;9,523919;9,530577;9,518398;9,527012;2,136383;2,140399;2,169178;12,004219
16-12-42_324;C:\Users\au540322\Documents\Projects\Ice-Nucleation\Builds\Full Build\Data\Calibration_7/Images/16-12-42_324.PNG;-29,471040;-29,515293;-29,515718;-29,508385;26,077829;26,028648;25,659128;NaN;9,523914;9,530590;9,518364;9,526972;2,136596;2,140439;2,169525;12,004203
16-12-42_825;C:\Users\au540322\Documents\Projects\Ice-Nucleation\Builds\Full Build\Data\Calibration_7/Images/16-12-42_825.PNG;-29,471410;-29,515784;-29,515804;-29,508313;26,073080;26,029845;25,655841;NaN;9,523960;9,530651;9,518375;9,526963;2,136967;2,140345;2,169786;12,004188
16-12-43_324;C:\Users\au540322\Documents\Projects\Ice-Nucleation\Builds\Full Build\Data\Calibration_7/Images/16-12-43_324.PNG;-29,471347;-29,515688;-29,515766;-29,508866;26,069057;26,030759;25,652449;NaN;9,523952;9,530639;9,518370;9,527031;2,137281;2,140274;2,170054;12,004238
16-12-43_825;C:\Users\au540322\Documents\Projects\Ice-Nucleation\Builds\Full Build\Data\Calibration_7/Images/16-12-43_825.PNG;-29,470920;-29,515303;-29,516159;-29,508549;26,068302;26,031651;25,649508;NaN;9,523899;9,530591;9,518419;9,526992;2,137340;2,140204;2,170288;12,004236
16-12-44_326;C:\Users\au540322\Documents\Projects\Ice-Nucleation\Builds\Full Build\Data\Calibration_7/Images/16-12-44_326.PNG;-29,471179;-29,515356;-29,515794;-29,508852;26,068462;26,033488;25,647425;NaN;9,523931;9,530598;9,518374;9,527029;2,137327;2,140060;2,170453;12,004231
16-12-44_825;C:\Users\au540322\Documents\Projects\Ice-Nucleation\Builds\Full Build\Data\Calibration_7/Images/16-12-44_825.PNG;-29,471290;-29,515375;-29,515746;-29,508852;26,067332;26,033915;25,646011;NaN;9,523945;9,530600;9,518368;9,527029;2,137416;2,140027;2,170565;12,004232
16-12-45_324;C:\Users\au540322\Documents\Projects\Ice-Nucleation\Builds\Full Build\Data\Calibration_7/Images/16-12-45_324.PNG;-29,471558;-29,515529;-29,515953;-29,508645;26,066943;26,034335;25,642552;NaN;9,523978;9,530619;9,518393;9,527004;2,137446;2,139994;2,170839;12,004219
16-12-45_825;C:\Users\au540322\Documents\Projects\Ice-Nucleation\Builds\Full Build\Data\Calibration_7/Images/16-12-45_825.PNG;-29,471251;-29,515447;-29,515526;-29,508919;26,066111;26,034655;25,639124;NaN;9,523940;9,530609;9,518340;9,527038;2,137511;2,139969;2,171111;12,004215
16-12-46_325;C:\Users\au540322\Documents\Projects\Ice-Nucleation\Builds\Full Build\Data\Calibration_7/Images/16-12-46_325.PNG;-29,471251;-29,515553;-29,515742;-29,508467;26,068035;26,034441;25,639364;NaN;9,523940;9,530622;9,518367;9,526982;2,137361;2,139986;2,171092;12,004194
16-12-46_825;C:\Users\au540322\Documents\Projects\Ice-Nucleation\Builds\Full Build\Data\Calibration_7/Images/16-12-46_825.PNG;-29,471227;-29,515928;-29,515665;-29,508400;26,063120;26,035402;25,639770;NaN;9,523937;9,530669;9,518357;9,526973;2,137745;2,139911;2,171059;12,004188
16-12-47_325;C:\Users\au540322\Documents\Projects\Ice-Nucleation\Builds\Full Build\Data\Calibration_7/Images/16-12-47_325.PNG;-29,471299;-29,515404;-29,516058;-29,508909;26,050905;26,037293;25,641725;NaN;9,523946;9,530604;9,518406;9,527037;2,138699;2,139763;2,170904;12,004182
16-12-47_825;C:\Users\au540322\Documents\Projects\Ice-Nucleation\Builds\Full Build\Data\Calibration_7/Images/16-12-47_825.PNG;-29,471155;-29,515553;-29,515674;-29,508727;26,036889;26,040068;25,644515;NaN;9,523928;9,530622;9,518359;9,527014;2,139794;2,139546;2,170683;12,004175
16-12-48_324;C:\Users\au540322\Documents\Projects\Ice-Nucleation\Builds\Full Build\Data\Calibration_7/Images/16-12-48_324.PNG;-29,471299;-29,515712;-29,515564;-29,508803;26,018643;26,042409;25,646861;NaN;9,523946;9,530642;9,518345;9,527023;2,141221;2,139363;2,170497;12,004216
16-12-48_824;C:\Users\au540322\Documents\Projects\Ice-Nucleation\Builds\Full Build\Data\Calibration_7/Images/16-12-48_824.PNG;-29,471021;-29,515322;-29,515679;-29,508640;26,012533;26,045116;25,651117;NaN;9,523911;9,530594;9,518359;9,527003;2,141699;2,139151;2,170160;12,004148
16-12-49_325;C:\Users\au540322\Documents\Projects\Ice-Nucleation\Builds\Full Build\Data\Calibration_7/Images/16-12-49_325.PNG;-29,471203;-29,515630;-29,515631;-29,508534;26,011024;26,047404;25,652313;NaN;9,523934;9,530632;9,518353;9,526990;2,141817;2,138972;2,170065;12,004203
16-12-49_824;C:\Users\au540322\Documents\Projects\Ice-Nucleation\Builds\Full Build\Data\Calibration_7/Images/16-12-49_824.PNG;-29,471347;-29,515500;-29,515828;-29,508443;26,013569;26,049616;25,655525;NaN;9,523952;9,530616;9,518378;9,526979;2,141618;2,138800;2,169811;12,004242
16-12-50_324;C:\Users\au540322\Documents\Projects\Ice-Nucleation\Builds\Full Build\Data\Calibration_7/Images/16-12-50_324.PNG;-29,471443;-29,515510;-29,516087;-29,508736;26,015907;26,052858;25,658677;NaN;9,523964;9,530617;9,518410;9,527015;2,141435;2,138546;2,169561;12,004184
16-12-50_825;C:\Users\au540322\Documents\Projects\Ice-Nucleation\Builds\Full Build\Data\Calibration_7/Images/16-12-50_825.PNG;-29,471184;-29,515702;-29,515938;-29,508582;26,021507;26,055360;25,658406;NaN;9,523932;9,530641;9,518391;9,526996;2,140997;2,138351;2,169582;12,004214
16-12-51_325;C:\Users\au540322\Documents\Projects\Ice-Nucleation\Builds\Full Build\Data\Calibration_7/Images/16-12-51_325.PNG;-29,471208;-29,515750;-29,516212;-29,508808;26,027162;26,055688;25,659031;NaN;9,523935;9,530647;9,518425;9,527024;2,140555;2,138325;2,169533;12,004235
16-12-51_825;C:\Users\au540322\Documents\Projects\Ice-Nucleation\Builds\Full Build\Data\Calibration_7/Images/16-12-51_825.PNG;-29,471232;-29,516077;-29,515742;-29,508664;26,031537;26,055246;25,656127;NaN;9,523938;9,530687;9,518367;9,527006;2,140213;2,138360;2,169763;12,004248
16-12-52_325;C:\Users\au540322\Documents\Projects\Ice-Nucleation\Builds\Full Build\Data\Calibration_7/Images/16-12-52_325.PNG;-29,471318;-29,515409;-29,515535;-29,508803;26,032566;26,056733;25,655939;NaN;9,523948;9,530604;9,518341;9,527023;2,140132;2,138243;2,169778;12,004175
16-12-52_825;C:\Users\au540322\Documents\Projects\Ice-Nucleation\Builds\Full Build\Data\Calibration_7/Images/16-12-52_825.PNG;-29,471410;-29,515630;-29,515722;-29,508755;26,034723;26,059014;25,656984;NaN;9,523960;9,530632;9,518365;9,527017;2,139964;2,138065;2,169695;12,004197
16-12-53_325;C:\Users\au540322\Documents\Projects\Ice-Nucleation\Builds\Full Build\Data\Calibration_7/Images/16-12-53_325.PNG;-29,471150;-29,515866;-29,515622;-29,508818;26,037445;26,060823;25,655901;NaN;9,523928;9,530661;9,518352;9,527025;2,139751;2,137924;2,169781;12,004172
16-12-53_824;C:\Users\au540322\Documents\Projects\Ice-Nucleation\Builds\Full Build\Data\Calibration_7/Images/16-12-53_824.PNG;-29,470853;-29,515697;-29,516102;-29,508525;26,036462;26,061143;25,656352;NaN;9,523891;9,530640;9,518412;9,526989;2,139828;2,137899;2,169745;12,004197
16-12-54_325;C:\Users\au540322\Documents\Projects\Ice-Nucleation\Builds\Full Build\Data\Calibration_7/Images/16-12-54_325.PNG;-29,471290;-29,515442;-29,515886;-29,508496;26,036873;26,062341;25,657413;NaN;9,523945;9,530609;9,518385;9,526985;2,139796;2,137805;2,169661;12,004225
16-12-54_824;C:\Users\au540322\Documents\Projects\Ice-Nucleation\Builds\Full Build\Data\Calibration_7/Images/16-12-54_824.PNG;-29,470982;-29,515500;-29,515814;-29,508957;26,039748;26,062837;25,657518;NaN;9,523907;9,530616;9,518376;9,527042;2,139571;2,137767;2,169653;12,004194
16-12-55_325;C:\Users\au540322\Documents\Projects\Ice-Nucleation\Builds\Full Build\Data\Calibration_7/Images/16-12-55_325.PNG;-29,471237;-29,515606;-29,515934;-29,508645;26,045093;26,065333;25,652983;NaN;9,523938;9,530629;9,518391;9,527004;2,139153;2,137572;2,170012;12,004150
16-12-55_825;C:\Users\au540322\Documents\Projects\Ice-Nucleation\Builds\Full Build\Data\Calibration_7/Images/16-12-55_825.PNG;-29,470915;-29,515418;-29,515943;-29,508808;26,045368;26,066294;25,650531;NaN;9,523898;9,530606;9,518392;9,527024;2,139132;2,137497;2,170206;12,004197
16-12-56_325;C:\Users\au540322\Documents\Projects\Ice-Nucleation\Builds\Full Build\Data\Calibration_7/Images/16-12-56_325.PNG;-29,471170;-29,515668;-29,515953;-29,508491;26,040091;26,067065;25,647658;NaN;9,523930;9,530637;9,518393;9,526985;2,139544;2,137436;2,170434;12,004182
16-12-56_824;C:\Users\au540322\Documents\Projects\Ice-Nucleation\Builds\Full Build\Data\Calibration_7/Images/16-12-56_824.PNG;-29,470997;-29,515437;-29,515761;-29,508751;26,035204;26,064974;25,644184;NaN;9,523908;9,530608;9,518369;9,527017;2,139926;2,137600;2,170710;12,004215
16-12-57_325;C:\Users\au540322\Documents\Projects\Ice-Nucleation\Builds\Full Build\Data\Calibration_7/Images/16-12-57_325.PNG;-29,471246;-29,515692;-29,516010;-29,508602;26,031423;26,063082;25,637116;NaN;9,523939;9,530640;9,518400;9,526998;2,140222;2,137748;2,171270;12,004174
16-12-57_826;C:\Users\au540322\Documents\Projects\Ice-Nucleation\Builds\Full Build\Data\Calibration_7/Images/16-12-57_826.PNG;-29,471045;-29,515596;-29,515602;-29,508486;26,032901;26,064432;25,631396;NaN;9,523914;9,530628;9,518350;9,526984;2,140106;2,137642;2,171723;12,004205
16-12-58_325;C:\Users\au540322\Documents\Projects\Ice-Nucleation\Builds\Full Build\Data\Calibration_7/Images/16-12-58_325.PNG;-29,470723;-29,515620;-29,515785;-29,508352;26,037689;26,065440;25,625888;NaN;9,523874;9,530631;9,518372;9,526967;2,139732;2,137563;2,172160;12,004219
16-12-58_825;C:\Users\au540322\Documents\Projects\Ice-Nucleation\Builds\Full Build\Data\Calibration_7/Images/16-12-58_825.PNG;-29,470934;-29,515611;-29,515809;-29,508284;26,044247;26,067164;25,619614;NaN;9,523901;9,530629;9,518375;9,526959;2,139219;2,137429;2,172658;12,004231
16-12-59_325;C:\Users\au540322\Documents\Projects\Ice-Nucleation\Builds\Full Build\Data\Calibration_7/Images/16-12-59_325.PNG;-29,471424;-29,515611;-29,515862;-29,508635;26,050615;26,067798;25,613604;NaN;9,523962;9,530629;9,518382;9,527003;2,138721;2,137379;2,173135;12,004202
16-12-59_824;C:\Users\au540322\Documents\Projects\Ice-Nucleation\Builds\Full Build\Data\Calibration_7/Images/16-12-59_824.PNG;-29,471534;-29,515620;-29,515862;-29,508808;26,054437;26,066035;25,609391;NaN;9,523975;9,530631;9,518382;9,527024;2,138423;2,137517;2,173469;12,004237
16-13-00_325;C:\Users\au540322\Documents\Projects\Ice-Nucleation\Builds\Full Build\Data\Calibration_7/Images/16-13-00_325.PNG;-29,471342;-29,515360;-29,516001;-29,508203;26,057672;26,061418;25,608151;NaN;9,523951;9,530598;9,518399;9,526949;2,138170;2,137877;2,173568;12,004199
16-13-00_825;C:\Users\au540322\Documents\Projects\Ice-Nucleation\Builds\Full Build\Data\Calibration_7/Images/16-13-00_825.PNG;-29,471160;-29,515471;-29,515828;-29,508438;26,057634;26,057901;25,607453;NaN;9,523929;9,530612;9,518378;9,526978;2,138173;2,138152;2,173623;12,004224
16-13-01_325;C:\Users\au540322\Documents\Projects\Ice-Nucleation\Builds\Full Build\Data\Calibration_7/Images/16-13-01_325.PNG;-29,471093;-29,515957;-29,516010;-29,508592;26,058091;26,056512;25,603834;NaN;9,523920;9,530672;9,518400;9,526997;2,138137;2,138261;2,173910;12,004199
16-13-01_824;C:\Users\au540322\Documents\Projects\Ice-Nucleation\Builds\Full Build\Data\Calibration_7/Images/16-13-01_824.PNG;-29,471318;-29,515428;-29,516044;-29,508924;26,055932;26,054071;25,600815;NaN;9,523948;9,530607;9,518405;9,527038;2,138306;2,138451;2,174150;12,004230
16-13-02_325;C:\Users\au540322\Documents\Projects\Ice-Nucleation\Builds\Full Build\Data\Calibration_7/Images/16-13-02_325.PNG;-29,471290;-29,515336;-29,516169;-29,508813;26,055513;26,052042;25,599441;NaN;9,523945;9,530596;9,518420;9,527025;2,138339;2,138610;2,174259;12,004215
16-13-02_824;C:\Users\au540322\Documents\Projects\Ice-Nucleation\Builds\Full Build\Data\Calibration_7/Images/16-13-02_824.PNG;-29,471371;-29,515447;-29,515799;-29,508616;26,057138;26,050058;25,597820;NaN;9,523955;9,530609;9,518374;9,527000;2,138212;2,138765;2,174388;12,004192
16-13-03_325;C:\Users\au540322\Documents\Projects\Ice-Nucleation\Builds\Full Build\Data\Calibration_7/Images/16-13-03_325.PNG;-29,471342;-29,515726;-29,516135;-29,508679;26,060151;26,047763;25,592993;NaN;9,523951;9,530644;9,518416;9,527008;2,137976;2,138944;2,174771;12,004257
16-13-03_824;C:\Users\au540322\Documents\Projects\Ice-Nucleation\Builds\Full Build\Data\Calibration_7/Images/16-13-03_824.PNG;-29,471491;-29,515389;-29,516082;-29,508794;26,066279;26,043126;25,590299;NaN;9,523970;9,530602;9,518409;9,527022;2,137498;2,139307;2,174985;12,004238
16-13-04_325;C:\Users\au540322\Documents\Projects\Ice-Nucleation\Builds\Full Build\Data\Calibration_7/Images/16-13-04_325.PNG;-29,471395;-29,515649;-29,516087;-29,508611;26,073500;26,041494;25,587492;NaN;9,523958;9,530634;9,518410;9,527000;2,136934;2,139434;2,175208;12,004209
16-13-04_825;C:\Users\au540322\Documents\Projects\Ice-Nucleation\Builds\Full Build\Data\Calibration_7/Images/16-13-04_825.PNG;-29,471218;-29,515558;-29,515967;-29,509222;26,079256;26,042378;25,586637;NaN;9,523936;9,530623;9,518395;9,527075;2,136485;2,139365;2,175276;12,004193
16-13-05_326;C:\Users\au540322\Documents\Projects\Ice-Nucleation\Builds\Full Build\Data\Calibration_7/Images/16-13-05_326.PNG;-29,471462;-29,515692;-29,516169;-29,508986;26,083349;26,043156;25,584468;NaN;9,523966;9,530640;9,518420;9,527046;2,136165;2,139304;2,175448;12,004200
16-13-05_825;C:\Users\au540322\Documents\Projects\Ice-Nucleation\Builds\Full Build\Data\Calibration_7/Images/16-13-05_825.PNG;-29,471434;-29,515591;-29,516332;-29,508621;26,083502;26,043164;25,580852;NaN;9,523963;9,530627;9,518440;9,527001;2,136153;2,139304;2,175735;12,004218
16-13-06_325;C:\Users\au540322\Documents\Projects\Ice-Nucleation\Builds\Full Build\Data\Calibration_7/Images/16-13-06_325.PNG;-29,471227;-29,515404;-29,516212;-29,508727;26,083739;26,043324;25,576778;NaN;9,523937;9,530604;9,518425;9,527014;2,136135;2,139291;2,176059;12,004207
16-13-06_825;C:\Users\au540322\Documents\Projects\Ice-Nucleation\Builds\Full Build\Data\Calibration_7/Images/16-13-06_825.PNG;-29,471050;-29,515235;-29,516150;-29,508904;26,081234;26,044300;25,574010;NaN;9,523915;9,530583;9,518418;9,527036;2,136330;2,139215;2,176279;12,004205
16-13-07_325;C:\Users\au540322\Documents\Projects\Ice-Nucleation\Builds\Full Build\Data\Calibration_7/Images/16-13-07_325.PNG;-29,471381;-29,515134;-29,515905;-29,508529;26,080264;26,045673;25,574123;NaN;9,523956;9,530570;9,518387;9,526989;2,136406;2,139108;2,176270;12,004198
16-13-07_825;C:\Users\au540322\Documents\Projects\Ice-Nucleation\Builds\Full Build\Data\Calibration_7/Images/16-13-07_825.PNG;-29,471266;-29,515048;-29,515996;-29,508510;26,082731;26,045642;25,570057;NaN;9,523942;9,530560;9,518399;9,526987;2,136213;2,139110;2,176593;12,004238
16-13-08_325;C:\Users\au540322\Documents\Projects\Ice-Nucleation\Builds\Full Build\Data\Calibration_7/Images/16-13-08_325.PNG;-29,471083;-29,515226;-29,516010;-29,509001;26,086450;26,046626;25,563391;NaN;9,523919;9,530582;9,518400;9,527048;2,135923;2,139033;2,177123;12,004221
16-13-08_825;C:\Users\au540322\Documents\Projects\Ice-Nucleation\Builds\Full Build\Data\Calibration_7/Images/16-13-08_825.PNG;-29,471011;-29,515149;-29,516159;-29,508645;26,089314;26,048274;25,556928;NaN;9,523910;9,530572;9,518419;9,527004;2,135700;2,138904;2,177637;12,004201
16-13-09_325;C:\Users\au540322\Documents\Projects\Ice-Nucleation\Builds\Full Build\Data\Calibration_7/Images/16-13-09_325.PNG;-29,471011;-29,515625;-29,515602;-29,508775;26,093034;26,049563;25,550055;NaN;9,523910;9,530631;9,518350;9,527020;2,135409;2,138804;2,178183;12,004157
16-13-09_826;C:\Users\au540322\Documents\Projects\Ice-Nucleation\Builds\Full Build\Data\Calibration_7/Images/16-13-09_826.PNG;-29,471304;-29,515947;-29,515934;-29,509049;26,097542;26,052507;25,544307;NaN;9,523947;9,530671;9,518391;9,527054;2,135058;2,138574;2,178640;12,004197
16-13-10_324;C:\Users\au540322\Documents\Projects\Ice-Nucleation\Builds\Full Build\Data\Calibration_7/Images/16-13-10_324.PNG;-29,471333;-29,515798;-29,516279;-29,509092;26,103204;26,054971;25,538396;NaN;9,523950;9,530653;9,518434;9,527059;2,134616;2,138381;2,179111;12,004196
16-13-10_825;C:\Users\au540322\Documents\Projects\Ice-Nucleation\Builds\Full Build\Data\Calibration_7/Images/16-13-10_825.PNG;-29,471774;-29,515495;-29,516049;-29,508674;26,102424;26,058343;25,533827;NaN;9,524005;9,530615;9,518405;9,527007;2,134677;2,138118;2,179474;12,004229
16-13-11_325;C:\Users\au540322\Documents\Projects\Ice-Nucleation\Builds\Full Build\Data\Calibration_7/Images/16-13-11_325.PNG;-29,471275;-29,515317;-29,515938;-29,508727;26,097847;26,061250;25,530629;NaN;9,523943;9,530593;9,518391;9,527014;2,135034;2,137891;2,179729;12,004199
16-13-11_825;C:\Users\au540322\Documents\Projects\Ice-Nucleation\Builds\Full Build\Data\Calibration_7/Images/16-13-11_825.PNG;-29,471328;-29,515611;-29,516054;-29,508597;26,090582;26,064196;25,527581;NaN;9,523950;9,530629;9,518406;9,526998;2,135601;2,137661;2,179971;12,004168
16-13-12_324;C:\Users\au540322\Documents\Projects\Ice-Nucleation\Builds\Full Build\Data\Calibration_7/Images/16-13-12_324.PNG;-29,471434;-29,515442;-29,516298;-29,508429;26,087366;26,066012;25,525274;NaN;9,523963;9,530609;9,518436;9,526977;2,135852;2,137519;2,180155;12,004164
16-13-12_825;C:\Users\au540322\Documents\Projects\Ice-Nucleation\Builds\Full Build\Data\Calibration_7/Images/16-13-12_825.PNG;-29,471136;-29,515563;-29,516073;-29,508505;26,088168;26,067813;25,524099;NaN;9,523926;9,530624;9,518408;9,526986;2,135789;2,137378;2,180249;12,004199
16-13-13_326;C:\Users\au540322\Documents\Projects\Ice-Nucleation\Builds\Full Build\Data\Calibration_7/Images/16-13-13_326.PNG;-29,471107;-29,515062;-29,515866;-29,508505;26,078905;26,067638;25,522526;NaN;9,523922;9,530562;9,518383;9,526986;2,136512;2,137392;2,180374;12,004202
16-13-13_825;C:\Users\au540322\Documents\Projects\Ice-Nucleation\Builds\Full Build\Data\Calibration_7/Images/16-13-13_825.PNG;-29,470973;-29,515389;-29,515905;-29,509150;26,061746;26,066737;25,524436;NaN;9,523905;9,530602;9,518387;9,527066;2,137852;2,137462;2,180222;12,004169
16-13-14_325;C:\Users\au540322\Documents\Projects\Ice-Nucleation\Builds\Full Build\Data\Calibration_7/Images/16-13-14_325.PNG;-29,470834;-29,515370;-29,515958;-29,508674;26,047503;26,066325;25,526308;NaN;9,523888;9,530600;9,518394;9,527007;2,138965;2,137494;2,180073;12,004170
16-13-14_825;C:\Users\au540322\Documents\Projects\Ice-Nucleation\Builds\Full Build\Data\Calibration_7/Images/16-13-14_825.PNG;-29,470872;-29,515370;-29,515809;-29,508904;26,036576;26,066791;25,529468;NaN;9,523893;9,530600;9,518375;9,527036;2,139819;2,137458;2,179821;12,004212
